id,Y18
4752,20.79204269801386
4753,20.85224689918624
4754,20.81349505568613
4755,20.27464187595287
4756,20.285083307395755
4757,20.37558619038049
4758,20.154285873146183
4759,19.901182596891363
4760,19.729605188277713
4761,19.742130318367245
4762,19.63983928771095
4763,19.593255279274352
4764,19.645419432203134
4765,19.65357081432951
4766,19.752835826573946
4767,19.299980336791744
4768,19.164879896544566
4769,19.047165270562644
4770,18.821079233564777
4771,18.891139634690678
4772,18.921969901391602
4773,18.803198759985687
4774,18.769344689597613
4775,18.90172606465437
4776,18.843448725954055
4777,18.653538149437107
4778,18.520580830361116
4779,18.08491026842761
4780,18.301785060349623
4781,18.303945042542928
4782,18.20278185528098
4783,18.234980227695917
4784,18.007900921744955
4785,18.011432828017526
4786,18.198400174141725
4787,18.274746451998702
4788,18.448278595033727
4789,18.85176269688873
4790,19.12645278814048
4791,19.457942760761032
4792,20.285049130402115
4793,20.775739560033482
4794,21.52412741893973
4795,22.10586971471184
4796,22.820423431070775
4797,23.38283433309703
4798,23.67891658250393
4799,24.030586713956765
4800,25.680070182574603
4801,26.369242985369922
4802,26.506481592555872
4803,27.010269049766404
4804,27.65041784742292
4805,29.26499151881084
4806,30.3362528533206
4807,30.97501162741552
4808,31.349892571892394
4809,31.640009177231025
4810,32.710973322268885
4811,32.83835072708978
4812,34.00247307212212
4813,33.42102520646358
4814,33.708931448016244
4815,34.396976922864496
4816,34.39180169324732
4817,35.736531591688475
4818,35.41402571990209
4819,36.25017895403153
4820,36.87952094723575
4821,36.85604647147991
4822,37.02782393894804
4823,36.73438554430502
4824,36.09383932146534
4825,35.72212331646848
4826,36.351319142803085
4827,35.92942930209188
4828,35.98192450151651
4829,36.71133701147715
4830,36.99886657826626
4831,35.81620699340386
4832,35.867588673240434
4833,36.62302183150058
4834,36.00358371439502
4835,35.48419878057261
4836,35.74031346248742
4837,36.014872426026976
4838,35.61273338412813
4839,35.491363160403644
4840,34.89757740281161
4841,34.45866467216449
4842,34.297906072038984
4843,33.611769768574135
4844,34.04279431955603
4845,34.23990774743953
4846,34.495157445801766
4847,33.831033232505334
4848,34.20084225635868
4849,33.2258310372338
4850,33.54116387131034
4851,33.35374228666
4852,33.47548103806527
4853,33.50651265663448
4854,32.7758736988282
4855,32.51895638208686
4856,32.541233883793865
4857,32.98683781962251
4858,32.380037328459764
4859,31.69939382807681
4860,31.846847251956362
4861,31.064895190413953
4862,30.86520188770111
4863,30.492790637803964
4864,30.05854093303919
4865,29.40368794973221
4866,28.551503095180422
4867,28.34012829493054
4868,27.491712592439395
4869,27.31812572298946
4870,27.046490446977007
4871,26.72986312813824
4872,26.369232416067355
4873,26.103256201235396
4874,25.51172910783021
4875,24.940890464029525
4876,24.645245713038832
4877,24.3380902846266
4878,24.082592866740075
4879,23.802512546088316
4880,23.399055367453894
4881,23.28208281501509
4882,23.29626925595229
4883,22.82988311579474
4884,22.38593772244053
4885,22.348719411539157
4886,22.38287835775428
4887,22.265863878031098
4888,21.90238362149871
4889,21.798576082916053
4890,21.443812552512277
4891,21.33284437503626
4892,20.89603534946957
4893,20.255353090819366
4894,20.253298087273222
4895,20.208603409679064
4896,20.51679510777834
4897,20.510291862928035
4898,20.251551255533236
4899,20.018512849925184
4900,19.986753183883486
4901,19.820002427285402
4902,19.796799332618797
4903,19.47818638369215
4904,19.390352459522056
4905,19.123976277484953
4906,19.255061948647633
4907,18.99347844522049
4908,18.975077460222426
4909,18.788804240174592
4910,18.871388826007557
4911,18.878888765648593
4912,18.87574021600707
4913,18.822151283485663
4914,18.812954583475406
4915,18.835363915857886
4916,18.64653981832704
4917,18.483650359585656
4918,18.51790828319356
4919,18.39919461263931
4920,18.48101478047009
4921,18.238108245940868
4922,18.282997733010088
4923,17.809560807476448
4924,17.726681846170028
4925,17.735409470824763
4926,17.507157026238122
4927,17.5148086250713
4928,17.563077594850387
4929,17.73258948963139
4930,17.93118562120928
4931,17.90883547840942
4932,18.215054613450587
4933,18.38718196063169
4934,19.029757062172923
4935,19.273855319825557
4936,19.712995696174893
4937,20.15841291010795
4938,20.16817293189202
4939,20.77371711080184
4940,21.581567247280432
4941,22.072939327739874
4942,22.559650310828463
4943,23.799171116507765
4944,24.811812378485634
4945,25.4692223514815
4946,26.565560762673634
4947,26.956793016232172
4948,27.554764547849988
4949,27.931330506542945
4950,29.021421878997558
4951,30.3724742110786
4952,31.000876921249798
4953,32.291576423477636
4954,32.684352669928856
4955,33.15483614501978
4956,33.4585901559647
4957,34.51027583241872
4958,34.77219181680567
4959,36.19795372217883
4960,36.38266491673975
4961,36.65427694511064
4962,38.18628363519147
4963,38.10521271667308
4964,38.08830382406382
4965,38.20901806451516
4966,38.47662493538764
4967,38.187814363901495
4968,38.13954021883368
4969,37.850837942172596
4970,37.576427007673836
4971,37.76977119954455
4972,37.725450212357075
4973,38.124446193630234
4974,38.88961412491777
4975,38.72215926595395
4976,38.49148745481486
4977,37.801188527852474
4978,38.232098195237704
4979,38.62086181892777
4980,38.42260777080472
4981,38.565086729487916
4982,38.23947705923592
4983,37.997299433575
4984,37.905442739342334
4985,37.58614504164085
4986,37.33706785561453
4987,36.95227100330063
4988,36.321559027337244
4989,35.62801094143506
4990,35.66844268208791
4991,35.42642864253672
4992,35.28138511384059
4993,35.564097211196085
4994,35.35249270667552
4995,35.4237023527503
4996,35.272283030496986
4997,34.725747265651016
4998,34.59042768623946
4999,34.4765236444805
5000,34.29534768724792
5001,34.26981104556978
5002,33.30248062539822
5003,33.35923030796228
5004,32.567294446743915
5005,32.23609610622993
5006,31.857140751281936
5007,31.498119882599752
5008,30.634829202078908
5009,30.173883133427644
5010,29.555693415705576
5011,29.40493997086756
5012,29.245633430832378
5013,29.18722216442742
5014,28.62430994239019
5015,28.420785152956455
5016,27.691802441099323
5017,27.32774091874362
5018,26.972221603761472
5019,26.527531563431985
5020,26.27730695189791
5021,26.03659719473447
5022,25.71265887788861
5023,25.262958298260934
5024,24.834617939330116
5025,24.549264770927607
5026,24.343544459002214
5027,24.298714849407933
5028,24.174541816603373
5029,24.18661701919382
5030,23.601859901202793
5031,23.35180325306151
5032,23.27360864745217
5033,22.94172411465068
5034,22.921091286108627
5035,22.91153238095385
5036,22.761581656662653
5037,22.565069345514157
5038,22.19340107082486
5039,21.810698273715964
5040,21.738832151399723
5041,21.586548308801625
5042,21.451679737202436
5043,21.448794158142864
5044,21.34029111780571
5045,21.102309270431004
5046,20.972614989775582
5047,20.856158813214794
5048,20.766693872120108
5049,20.722210198362394
5050,20.603001640747014
5051,20.188221847148768
5052,20.063191394712874
5053,19.922502367180886
5054,19.664516750376745
5055,19.35696543463179
5056,19.18510372228344
5057,19.04371884585103
5058,18.792543876703736
5059,18.71698285370018
5060,18.636697976485276
5061,18.545485010777835
5062,18.41289674967739
5063,18.414627229864795
5064,18.370861257395873
5065,18.30152599583934
5066,18.067139379172705
5067,17.91149063445603
5068,17.882859644106084
5069,17.623381284208858
5070,17.50817760193189
5071,17.609084755525664
5072,17.36203936994543
5073,17.19942625012076
5074,17.22252407375314
5075,17.310282441002265
5076,17.893397653430736
5077,18.50359994492634
5078,19.01293651042244
5079,19.342688742341434
5080,20.213041332821142
5081,21.077097948776494
5082,21.57370306862942
5083,22.17538490222708
5084,22.76792352350714
5085,23.300378411357656
5086,24.1128261934047
5087,24.870902405823625
5088,25.71870216756649
5089,26.68362302924308
5090,26.991623586539834
5091,28.0316299787293
5092,29.757669622248418
5093,30.361912523167945
5094,31.75581325950645
5095,33.05844762984457
5096,34.128954789032996
5097,34.76058411419299
5098,35.09489985174821
5099,35.65982006224731
5100,36.201290970604376
5101,36.815534479930655
5102,37.71758377116428
5103,38.35868196666514
5104,38.410244723126354
5105,38.90767877259072
5106,38.880399292335554
5107,39.23181520319999
5108,39.187639250644935
5109,40.09226064480464
5110,39.88458384662583
5111,40.64882315124014
5112,40.41522424045192
5113,40.16761986034768
5114,40.28208939149883
5115,39.99555244051198
5116,39.533862916409326
5117,39.772758314026014
5118,40.06326199692597
5119,39.688658650071574
5120,39.96306246646403
5121,39.6444511823578
5122,39.600472127550525
5123,39.65380301012529
5124,39.11206790610111
5125,39.09996800355741
5126,39.01943905701405
5127,38.3290929689091
5128,37.68176012170656
5129,37.098091840569786
5130,36.79791087426723
5131,36.89171227857515
5132,36.792702247248656
5133,36.678479077264655
5134,36.776738239223434
5135,36.57453406197007
5136,35.97105791712299
5137,36.28879688485209
5138,35.95007612163351
5139,35.92923463172719
5140,35.51758629862536
5141,35.46236717019065
5142,35.17399327138655
5143,35.17784055298458
5144,34.88704888129232
5145,34.22493268144029
5146,34.65076189936077
5147,33.40360530810941
5148,33.178469944603506
5149,32.758978011088125
5150,32.347369883343056
5151,32.01978689806713
5152,31.658701105252707
5153,31.403764305118816
5154,30.227723322408604
5155,29.906893792953948
5156,29.547830407506826
5157,29.361006109963157
5158,29.23970189824791
5159,28.781659966860154
5160,28.214337677287592
5161,28.211324385589432
5162,27.81031318389484
5163,27.656848595881126
5164,27.426208512664562
5165,27.246246917817604
5166,27.15690599085989
5167,27.21325267745814
5168,26.790522545418874
5169,26.53700172348207
5170,26.699670575451684
5171,26.426509513549533
5172,26.57811152552186
5173,26.44333442920324
5174,26.13778602464651
5175,25.40417512289687
5176,25.416564961432663
5177,25.34287192082256
5178,24.948165095589342
5179,24.66168294222187
5180,24.54991889334068
5181,24.143987693063373
5182,23.99095690325316
5183,23.855855372216556
5184,23.89705444473715
5185,24.043272135178785
5186,23.59520062033123
5187,23.28858267911959
5188,23.068731223642136
5189,22.91544347552807
5190,22.61717764837744
5191,22.458366596723163
5192,22.263181331820892
5193,22.20065298033031
5194,21.876860119336197
5195,21.436204026854256
5196,21.534657774526032
5197,21.621048202828916
5198,21.707963869991435
5199,21.146272910167642
5200,21.035111024404625
5201,20.924429047255536
5202,20.81944283674019
5203,20.672947065079477
5204,20.45973794669284
5205,20.485592989841447
5206,20.344463227238847
5207,20.467053918214315
5208,20.393493422634897
5209,20.395222022941194
5210,20.36137860757826
5211,20.269606705300575
5212,20.32469365763089
5213,20.3999850226146
5214,20.26184728574926
5215,19.997670986399022
5216,19.9507514586842
5217,19.9219333067291
5218,19.90387569047719
5219,20.3262228725377
5220,20.587086045718124
5221,20.862470550524616
5222,20.905970712670335
5223,21.363394647072628
5224,21.550197631479556
5225,21.815087749485965
5226,22.08038897799692
5227,22.44352201800807
5228,22.654525779690854
5229,23.028122085678856
5230,23.360409885220488
5231,23.68681974539286
5232,23.67090392064252
5233,24.324267369459882
5234,24.85658760505362
5235,25.503228033232322
5236,25.788414558556614
5237,25.701234216938616
5238,25.71107894743163
5239,25.823500469780498
5240,26.111998293135557
5241,26.53717203834614
5242,26.75336892854626
5243,26.37492174897248
5244,26.89883186089711
5245,26.920605764246762
5246,26.302911244119713
5247,26.61814289791596
5248,26.66153648515361
5249,25.42305982899804
5250,26.003802631912695
5251,25.36652298948573
5252,25.23866659533063
5253,25.405343687839256
5254,25.23766370266924
5255,24.715374017116442
5256,24.617947645493178
5257,24.49059535002942
5258,24.08654885888139
5259,23.979520257787808
5260,23.79758883108186
5261,23.804363357293607
5262,23.57458291965492
5263,23.359764607457947
5264,23.292154484659413
5265,23.175261240492254
5266,23.397138924091852
5267,23.43627516126838
5268,23.04376166971272
5269,22.708289607468068
5270,22.771925308802267
5271,22.539939528259314
5272,22.63480780462425
5273,22.750327765071315
5274,22.85994228965491
5275,22.86069477015422
5276,22.987694619285993
5277,23.28365331545905
5278,23.55385772003326
5279,23.665066323483288
5280,23.925112678523682
5281,24.268437660988354
5282,24.332938954394884
5283,24.510660605823848
5284,24.868994458602963
5285,24.80479351686658
5286,24.73660729497304
5287,24.49812571482095
5288,24.730079944559346
5289,24.779006840980372
5290,24.972246964382222
5291,25.001511380250864
5292,24.796420224564166
5293,24.58961612129154
5294,24.59135534239165
5295,24.312644627058273
5296,23.88492256054567
5297,23.882376856534563
5298,23.85564404496036
5299,23.707244459595188
5300,23.695635819218147
5301,23.484235520475124
5302,23.20389089225485
5303,22.783917656351807
5304,22.447733667052848
5305,22.311402718939192
5306,22.135361129620048
5307,22.002605343168188
5308,21.973734079772687
5309,21.86365176987358
5310,21.72062745947944
5311,21.874873486626562
5312,21.742383103152513
5313,21.581054572560657
5314,21.42881474893833
5315,21.42291605196105
5316,21.303550590616986
5317,21.223407247604857
5318,21.333610606676686
5319,21.402669051678036
5320,21.436189228722906
5321,21.39400425559163
5322,21.259921087257357
5323,21.29436113301468
5324,21.172137090110258
5325,21.41307583142999
5326,21.24152981977067
5327,21.50009984478674
5328,21.26453977752422
5329,21.293165733972817
5330,21.191741950068415
5331,21.2332325332045
5332,21.28895031010177
5333,21.28756820656627
5334,21.383671755945418
5335,21.43187622308916
5336,21.188798308031714
5337,20.938700746835565
5338,20.83133400905969
5339,20.977000699121056
5340,20.98285009829164
5341,20.94923352057549
5342,21.01386362582254
5343,20.988311959732282
5344,21.034291875496507
5345,20.950395094589304
5346,21.068760257364126
5347,21.11672180805757
5348,21.108502319834137
5349,20.997259199067038
5350,21.028540276466906
5351,21.107281076587654
5352,21.013130134042473
5353,21.078819061494194
5354,21.04098195956052
5355,20.98995528717268
5356,21.0762379194181
5357,21.09363129746323
5358,21.06128084709843
5359,21.140532654111034
5360,21.04757780248515
5361,21.11007043721297
5362,21.231387373259096
5363,21.193255657977293
5364,21.24580428620308
5365,21.392166322332194
5366,21.565992281474784
5367,21.571765700082125
5368,21.615497967611933
5369,21.498981861923273
5370,21.5149764847245
5371,21.589090364305914
5372,21.793420691569192
5373,22.167191458766577
5374,22.30486307690539
5375,22.68052342464065
5376,22.980378871112045
5377,23.20788109255443
5378,23.501073993095222
5379,23.489479555084998
5380,23.677792653059186
5381,23.887116580512686
5382,24.306275767566888
5383,24.73638311768967
5384,25.373678059088952
5385,25.709637372582822
5386,26.08060190284276
5387,26.5632590252643
5388,27.335822118689315
5389,28.648798288507923
5390,28.797921611100122
5391,29.637220734092367
5392,29.63299758777539
5393,29.577303898817547
5394,30.246917097500347
5395,29.834740245163207
5396,30.023141129062086
5397,30.68612000221417
5398,30.753669921752387
5399,31.185265083554686
5400,31.75544696044793
5401,32.042119742437755
5402,31.47237748522852
5403,31.907634682833955
5404,31.72094572138526
5405,32.143035752700335
5406,32.11744116617728
5407,32.820682150006064
5408,33.285316278136406
5409,33.18763893387709
5410,33.44163672173714
5411,33.076974892489524
5412,32.61465016468621
5413,33.03795971610215
5414,32.916780704280626
5415,32.29865322367692
5416,31.893055912740262
5417,32.01107455860795
5418,31.98179459303482
5419,32.31741508230289
5420,32.85328883407296
5421,31.85149417934352
5422,31.75452361471984
5423,31.917875942672794
5424,31.59839513514757
5425,31.696969477253162
5426,31.588251673937524
5427,31.653652937680544
5428,31.813620157700914
5429,31.048555900974453
5430,30.96536809467706
5431,31.059730476150705
5432,31.050602830353586
5433,31.121015757048763
5434,31.224985245460946
5435,30.420401429649544
5436,29.738517082623623
5437,29.442303776679434
5438,29.190697507660275
5439,28.82951559920401
5440,28.510310375406018
5441,28.35604555789672
5442,28.32272024211104
5443,28.27704690691039
5444,27.99873667770164
5445,27.566835300125273
5446,27.145443032012086
5447,26.930392363465796
5448,26.618170703800136
5449,26.325049030797437
5450,26.14731308274078
5451,25.816661955427946
5452,25.704149480238396
5453,25.440651825995854
5454,25.149577936970275
5455,25.338439647216262
5456,24.986368046996578
5457,24.825600655808206
5458,24.622665247970822
5459,24.658444241758552
5460,24.505640861289056
5461,24.444874937460032
5462,24.20820197572878
5463,24.05497819078003
5464,24.130121419239995
5465,24.01528160741838
5466,24.027061636059532
5467,23.885777358939205
5468,23.95353176384004
5469,23.78811676141933
5470,23.83125887032368
5471,23.877252075860838
5472,23.472851229262197
5473,23.352595387724044
5474,23.31758107542534
5475,23.3442475824887
5476,23.295856784626757
5477,23.365004149097228
5478,23.15526111128196
5479,23.205668599491062
5480,23.171914122543736
5481,23.12684868287385
5482,23.079704363198527
5483,23.010459706378338
5484,22.631415870913003
5485,22.515220038474794
5486,22.529596361176317
5487,22.60449143313143
5488,22.69217036747857
5489,22.642292152532555
5490,22.630819407598153
5491,22.64729255190226
5492,22.670309018856855
5493,22.68576533297939
5494,22.8455137329949
5495,22.75997649010597
5496,22.696554139034706
5497,22.769064181007746
5498,22.989737175815886
5499,22.75366303301325
5500,22.682042419596165
5501,22.642794626731018
5502,22.539648805795913
5503,22.574294349141095
5504,22.494953037344555
5505,22.525685345331027
5506,22.561399439455574
5507,22.5107133066944
5508,22.846144700427175
5509,23.046924890004078
5510,23.273751227954428
5511,23.145696051928944
5512,23.22209529189511
5513,23.359985056015827
5514,23.718911963025775
5515,24.28900348983632
5516,24.53144336895493
5517,24.843113546297484
5518,25.117015145073353
5519,25.539813529968047
5520,25.554931259254015
5521,26.40075086170238
5522,26.651177873317103
5523,26.90521396125488
5524,27.36714451537092
5525,28.185712984705198
5526,28.320760651530094
5527,28.579749558175926
5528,28.711263786959854
5529,28.828565978127177
5530,28.97902802853191
5531,29.837787244991112
5532,30.78154892040096
5533,31.230498059411737
5534,31.18351286849026
5535,31.16200494956255
5536,32.353261616855306
5537,32.68226016371924
5538,33.36554920122552
5539,33.73527201434592
5540,34.58306171298355
5541,34.59039586341487
5542,35.817221025432296
5543,35.954804358575544
5544,35.58423688817948
5545,36.14656478697195
5546,35.89076788599569
5547,36.66265373139929
5548,36.62964920339858
5549,36.70231621192002
5550,36.41127825857246
5551,37.11028952182075
5552,36.29581208888586
5553,35.72700219033578
5554,35.213317700153006
5555,35.93414441081514
5556,34.95754710435449
5557,35.17330735609337
5558,34.85564382345868
5559,34.32718266305055
5560,33.766987590733734
5561,33.69712390050573
5562,33.47212261993263
5563,33.58559395615592
5564,33.62102646334009
5565,33.40584171414097
5566,33.51376666857354
5567,34.095920213241854
5568,33.40574374324239
5569,33.1710222665358
5570,33.26729096474252
5571,33.24557914506034
5572,33.51213163229725
5573,32.92510690331831
5574,31.88254958072419
5575,31.53010324153168
5576,31.017375689841252
5577,30.69869162092238
5578,30.314230609495485
5579,30.028076429738217
5580,29.801572298225956
5581,29.242249816173427
5582,28.83780808160145
5583,28.668664997954597
5584,28.151162786914924
5585,27.79868600978753
5586,27.547105890519223
5587,27.42054376021128
5588,27.21222269712535
5589,27.005305538811676
5590,26.572833895715114
5591,26.330780431363113
5592,25.72488227026616
5593,25.807634600709786
5594,25.3002669660175
5595,25.076878134665783
5596,25.035640331944318
5597,24.99380236668872
5598,24.846324750556175
5599,24.797763652149953
5600,24.601284864606026
5601,24.635521503521975
5602,24.588599904837746
5603,24.45479820434535
5604,24.48517947314029
5605,24.382708545228315
5606,24.279632527115318
5607,24.212221432796657
5608,24.23332094084626
5609,24.083647708036676
5610,23.962631092022566
5611,23.96805904534024
5612,24.025447575490087
5613,23.999757835594725
5614,23.911445729558984
5615,23.985864128048128
5616,23.57237336008802
5617,23.4451963081805
5618,23.305954863061437
5619,23.3120905428902
5620,23.28984406034937
5621,23.350292419778476
5622,23.215835987709546
5623,23.244606050442673
5624,23.18149204691963
5625,22.93537787692671
5626,22.908135725845007
5627,22.75245372868505
5628,22.44570201412138
5629,22.553530091303948
5630,22.146410314057608
5631,22.17330067897165
5632,22.095645042819786
5633,22.032717698082095
5634,21.85673377210282
5635,21.933507467043306
5636,21.998630467510974
5637,21.911319490277858
5638,21.701483292035878
5639,21.660087957287335
5640,21.50414468652565
5641,21.465750361229432
5642,21.35833189645521
5643,21.359220668806575
5644,21.388501277342435
5645,21.34216083611769
5646,21.271163603332955
5647,21.292856540121463
5648,21.111510604544083
5649,21.05417881486944
5650,21.117208919075672
5651,21.127715221129378
5652,21.286369688180276
5653,21.30703588933859
5654,21.53146575563978
5655,21.539579790830043
5656,21.730144463212593
5657,21.766297926961183
5658,21.93438632299411
5659,21.74513730437346
5660,22.01486160025287
5661,22.00520984938265
5662,22.218650885189025
5663,22.384566653944827
5664,22.3674582042185
5665,22.654395815400658
5666,22.464543805304526
5667,22.656147891018357
5668,22.643380255841784
5669,22.69113335883312
5670,22.68291760286156
5671,22.965781174489152
5672,23.152383001363102
5673,23.28636583281014
5674,23.478181253798112
5675,23.87192058478752
5676,24.21070148616693
5677,24.137862063868486
5678,25.064533311579364
5679,25.296648452495262
5680,25.60860297882455
5681,26.012624730319338
5682,26.29606798272588
5683,26.11928253516842
5684,26.340851157570874
5685,26.151138797950235
5686,26.0964328467032
5687,26.01430321489896
5688,25.81615145716005
5689,25.76792826534782
5690,25.70909716683034
5691,25.595167147360982
5692,25.185458196329847
5693,25.345648673273157
5694,25.51515713944906
5695,25.248162508164683
5696,25.104500000594875
5697,24.93855847556136
5698,24.603218467274925
5699,24.16370633188772
5700,24.10160925299654
5701,23.915032402500056
5702,23.750953621500962
5703,23.168708794444743
5704,23.154524526116553
5705,23.040789444407732
5706,22.74169061592192
5707,22.76266893440641
5708,22.63154553730917
5709,22.652025858985503
5710,22.736577108265053
5711,22.66913218370663
5712,22.561706035171383
5713,22.499649974229396
5714,22.506609764496524
5715,22.46307254994102
5716,22.409422113911596
5717,22.396088437265657
5718,22.496603412879008
5719,22.423869801237817
5720,22.203941450761196
5721,22.236135004364716
5722,22.198172890534224
5723,22.144169416382805
5724,21.947321059516362
5725,21.83495318560714
5726,21.80219553119282
5727,22.001148129254368
5728,21.914067344737592
5729,21.892147557199404
5730,21.888952786950938
5731,21.858124513488335
5732,21.78306331933705
5733,21.694064923348378
5734,21.6399193254231
5735,21.654555897477767
5736,21.674058659767066
5737,21.629338331838582
5738,21.544725565637226
5739,21.529374953870132
5740,21.541567541676038
5741,21.513221822066352
5742,21.574039532509598
5743,21.790358002916243
5744,21.67632758615432
5745,21.431720262750062
5746,21.37811788969007
5747,21.396068448405252
5748,21.30190559120972
5749,21.3400646304142
5750,21.296526186663115
5751,21.45689422368795
5752,21.401999721223984
5753,21.25268343762028
5754,21.270267025396667
5755,21.254123888606156
5756,21.40398027957016
5757,21.430690425928315
5758,21.467913546228562
5759,21.418661339354998
5760,21.338397085896368
5761,21.236656141531682
5762,21.142755276799146
5763,21.2386589443263
5764,21.221605405534252
5765,21.249150441065343
5766,21.006576144295952
5767,21.072719727539685
5768,20.939992284162557
5769,20.907151940772263
5770,20.957581176257722
5771,20.92282057838143
5772,20.93847718797797
5773,20.869256950464422
5774,20.905808776086268
5775,20.888901643280786
5776,20.91382809366903
5777,20.912583042975783
5778,20.886123702701994
5779,21.04195327427414
5780,21.06617165909507
5781,21.04883865257583
5782,21.078731792454747
5783,21.10191314876386
5784,21.128106205635266
5785,21.159725000532138
5786,20.91766359498433
5787,20.847298660818407
5788,20.933695312110544
5789,21.015508934263778
5790,20.919531547866896
5791,20.884460937562746
5792,20.862953069249798
5793,20.802667639834496
5794,20.763240599331212
5795,20.934724234667502
5796,20.982099344591802
5797,21.273073105693566
5798,21.472824583083046
5799,21.460896793370676
5800,21.57877509464673
5801,21.768615473390113
5802,21.84518512464206
5803,22.026526778072906
5804,22.29880987220873
5805,22.45662388982958
5806,22.82163678942955
5807,23.409927953387022
5808,23.224401801178463
5809,23.482954677372305
5810,23.405740552964485
5811,23.422163710236262
5812,23.65003827458882
5813,23.899936242298757
5814,24.25002449293749
5815,24.75505538706689
5816,25.533375247288134
5817,25.976222378550474
5818,26.81075393250615
5819,27.008368463049987
5820,26.88115572649736
5821,26.977087632645475
5822,27.296211828333572
5823,27.70158396146926
5824,28.029680058915712
5825,28.01214297718672
5826,28.172932618977445
5827,27.91937899103961
5828,28.07496762527829
5829,28.622249591605797
5830,29.80066026770227
5831,29.47439970085574
5832,29.600985640991
5833,29.988969859862156
5834,30.479564392833588
5835,30.655570530687406
5836,30.9605715665835
5837,31.091667201639655
5838,31.5727825296984
5839,31.691524161132147
5840,32.268472111643064
5841,32.49410299976087
5842,32.770942059549995
5843,32.73777130379347
5844,32.997657122546194
5845,33.28671266839352
5846,33.492815442953265
5847,32.74217044230525
5848,31.750547568124432
5849,32.1151081486138
5850,32.24556906288051
5851,32.24154610699415
5852,31.82888882709027
5853,31.94008561932253
5854,32.00799142636684
5855,31.938062738512894
5856,31.717764365104465
5857,31.36099036839615
5858,31.45795812308147
5859,31.489779854082098
5860,31.432633903704403
5861,31.392526760782356
5862,31.133085497846178
5863,30.66106602583017
5864,30.364945009677108
5865,30.216260178196414
5866,30.112568293681942
5867,29.525532084454674
5868,29.447024547410766
5869,28.585247328005764
5870,28.42705986114179
5871,28.137371881563755
5872,27.59128054655557
5873,27.42664412257582
5874,27.20996080225472
5875,27.0382249706441
5876,26.68199789863636
5877,26.211837571089678
5878,25.990354357209394
5879,25.684142962754297
5880,25.155868902695232
5881,24.77470826775415
5882,24.549375509029947
5883,24.181801808561712
5884,24.20489813865393
5885,24.150159630083547
5886,23.950014168063518
5887,23.922843770651085
5888,23.981212215042206
5889,23.818787863568957
5890,23.747438308483822
5891,23.8044455787317
5892,23.598726231166882
5893,23.548185960158044
5894,23.588887821712547
5895,23.74380816839858
5896,23.62208244764761
5897,23.681767356100323
5898,23.589341074706372
5899,23.49548796234929
5900,23.490467629628103
5901,23.44078244320043
5902,23.14685216319245
5903,23.365590383510725
5904,23.10010760835853
5905,23.04432407157855
5906,23.111849471492803
5907,23.034039288078358
5908,22.75603491137919
5909,22.708693834474012
5910,22.380201334987845
5911,22.486010901298258
5912,22.32653026799487
5913,22.32527201875106
5914,22.351835438544953
5915,22.26938099200393
5916,22.34051934093397
5917,22.359589789625524
5918,22.318835529107762
5919,22.139154469034516
5920,21.99477800912404
5921,22.03148203921278
5922,22.21779561169178
5923,22.18621444930069
5924,22.22791319080184
5925,22.154006010641194
5926,22.218830312944334
5927,22.152022228337934
5928,22.122041192944312
5929,22.197637984446214
5930,22.015247927347996
5931,22.064680739662855
5932,22.056530192602946
5933,22.053098036371104
5934,22.007839277641555
5935,22.111666989083105
5936,22.158252828886198
5937,22.205161656455573
5938,22.177977263421557
5939,22.19776013864897
5940,22.421406413995335
5941,22.480128487186626
5942,22.745602011156496
5943,22.85825326727501
5944,23.0470284536152
5945,23.044918797753198
5946,23.365080752918463
5947,23.565791832055783
5948,23.753998739989996
5949,24.031292991342614
5950,24.154881818977923
5951,24.345396655062075
5952,24.81334418298626
5953,25.109886410207075
5954,25.389056583219144
5955,25.523588409267987
5956,25.8122050236303
5957,26.062728389235165
5958,26.54279721571879
5959,26.868712187219476
5960,26.89796787102228
5961,27.312054221460844
5962,27.371930072050343
5963,28.044309421445437
5964,28.326741781500555
5965,28.46822197893479
5966,28.78947407525041
5967,29.053897710096997
5968,29.08627954475971
5969,29.221222270924528
5970,29.570265515803964
5971,30.94545681390727
5972,30.94034762692583
5973,31.25036128830708
5974,31.381396304184687
5975,32.44320601628498
5976,31.917944962198625
5977,31.425106128699262
5978,31.462487951866702
5979,31.834925959817056
5980,31.7353897231986
5981,31.76769261309055
5982,32.63062074353183
5983,32.93404455406978
5984,32.45938848435933
5985,32.33898166613627
5986,32.56163962546921
5987,32.10836850044954
5988,31.568617636074336
5989,32.11566872548695
5990,31.764446351799194
5991,31.063505798094532
5992,30.48029834134198
5993,30.584135802301628
5994,30.811961315917465
5995,30.859516701734655
5996,31.151482679868543
5997,31.59662517720694
5998,32.40180889423255
5999,32.449191423397735
6000,31.556161424255993
6001,31.49148111349836
6002,31.28355186430073
6003,31.247802042748255
6004,31.21314503885693
6005,30.956882393294315
6006,30.524402433337816
6007,30.10768594217471
6008,30.092444942717904
6009,29.82859399626442
6010,29.869736539319693
6011,29.222259132821048
6012,28.942342366498316
6013,28.903142231663484
6014,28.84044811029818
6015,28.64918986194072
6016,28.369609587431434
6017,27.80278028746119
6018,27.031492806268794
6019,26.62248980293197
6020,26.23991817329289
6021,25.789487228402432
6022,25.09779831773649
6023,24.758379749508865
6024,24.23769909344156
6025,24.086387289758996
6026,23.70705718255275
6027,23.53841592627973
6028,23.094380810992792
6029,22.861828757070814
6030,22.663576272222432
6031,22.454008861769115
6032,22.398931110038188
6033,22.217321414191183
6034,21.93655155832259
6035,21.567539205482326
6036,21.35495541023842
6037,21.413271926356508
6038,21.13328147490044
6039,21.00603589232136
6040,21.006707016555985
6041,20.472361527633023
6042,20.313209690042775
6043,20.173778977114296
6044,20.189103974142505
6045,19.886210188853944
6046,19.707484699185525
6047,19.554649325939383
6048,19.308114389521606
6049,19.219299531655878
6050,19.211159466809768
6051,19.041697987998646
6052,18.750893479456735
6053,18.620527449995887
6054,18.4930830228466
6055,18.32399217465256
6056,18.26330471421225
6057,17.952966125523723
6058,17.99001838466744
6059,17.71610747909308
6060,17.34232778053047
6061,17.165326098476203
6062,17.29673701844973
6063,17.130726548639625
6064,17.188849004783744
6065,17.045360179962348
6066,17.046024492433922
6067,16.9507645598229
6068,16.81601051208484
6069,16.791347489667693
6070,16.55849260248609
6071,16.424119375431818
6072,16.5415758365919
6073,16.48140127235374
6074,16.33347369693682
6075,16.359914699205635
6076,16.31412230961158
6077,16.21212508861062
6078,16.272564929684698
6079,16.216626068552895
6080,16.16806837716606
6081,16.097606542605263
6082,16.123191448459895
6083,16.294517340668584
6084,16.458680926565748
6085,16.815668921147182
6086,17.122991025996555
6087,17.472502904963335
6088,18.106899746143046
6089,18.59394534974142
6090,19.16079812675429
6091,19.91649791237896
6092,20.590029612902896
6093,21.161179076318746
6094,22.662954252277743
6095,23.006462384335688
6096,24.1567483473258
6097,24.929843307620143
6098,25.541132233294988
6099,26.815947483413503
6100,27.563785129021742
6101,28.52526285999581
6102,29.50631275392008
6103,31.443164808618867
6104,31.828656797874487
6105,33.554786376190044
6106,33.696457088260495
6107,33.87775588967557
6108,33.91402611490212
6109,34.068142610194386
6110,34.107264900480736
6111,35.037503145041256
6112,35.15007019495457
6113,36.287609880103176
6114,36.088699920706766
6115,37.24033003084044
6116,37.431740363024076
6117,37.37803101841163
6118,37.834550737583854
6119,37.722557987863745
6120,37.27768887257541
6121,37.66846039285675
6122,38.258997286228876
6123,38.11105788178269
6124,37.6484580602595
6125,37.92196938892058
6126,37.78491817091204
6127,37.596642400348564
6128,37.629122570719346
6129,37.223397956797484
6130,37.061140466221744
6131,36.913839578157734
6132,36.57621784918985
6133,37.227867289845605
6134,36.85596186203606
6135,36.37010644617369
6136,35.60908889946138
6137,35.31831693571957
6138,35.54046393243736
6139,34.805502525778486
6140,34.451789112676266
6141,34.14796359980897
6142,35.01321050989708
6143,34.506362924592096
6144,34.774275490331036
6145,34.452819101194585
6146,34.30674327426482
6147,34.80791685233093
6148,33.81177086617624
6149,33.7065879744866
6150,33.48232860923274
6151,33.00374699470753
6152,33.250709677717666
6153,32.565450785213734
6154,32.51196806825631
6155,31.76856986656682
6156,31.29716965497178
6157,31.195455813924884
6158,30.893650812423132
6159,30.03826648994004
6160,29.402988275542146
6161,28.972843407235576
6162,28.37751251852098
6163,27.947333581698214
6164,27.67501275477262
6165,27.6454430312894
6166,27.183677405593688
6167,26.743586218379587
6168,26.629602623498197
6169,25.94207851117998
6170,25.634203349632454
6171,25.451883759491317
6172,25.472410555315385
6173,25.247248121775563
6174,25.08062387392188
6175,25.168947849621123
6176,24.546834127767976
6177,24.088129421926162
6178,24.0705902283478
6179,23.80012861226542
6180,23.46631292940144
6181,23.05976944544067
6182,22.714475493530415
6183,22.63994977270168
6184,22.29367888245854
6185,22.223758753544136
6186,21.966402999310066
6187,21.72914674254692
6188,21.676300995061787
6189,21.57166017371338
6190,21.19922681140062
6191,20.98104554479072
6192,20.866575658703827
6193,20.702434242650956
6194,20.496443621205056
6195,20.08465185879095
6196,20.10768505882907
6197,19.9894707997626
6198,19.890467201059057
6199,19.69637946320849
6200,19.833172383709694
6201,20.043128786909545
6202,19.70866552495479
6203,19.602285219181567
6204,19.325128633257986
6205,19.30738111053235
6206,19.18010502125629
6207,19.14808051889437
6208,19.053181018006594
6209,19.01165878801886
6210,18.919984811044557
6211,18.89961951462226
6212,18.881929119045527
6213,18.957406027661932
6214,18.801735623669725
6215,18.672036320079243
6216,18.69993218245914
6217,18.666777422920045
6218,18.622942911520642
6219,18.58496520415652
6220,18.655412689592584
6221,18.605566930863812
6222,18.72524733729646
6223,18.709267287542975
6224,18.56545255261827
6225,18.600656206809155
6226,18.64790539411113
6227,18.60171584945907
6228,18.899779251650777
6229,19.13983277650188
6230,19.47422329758607
6231,19.578795510663983
6232,19.83549468826958
6233,20.00334806393037
6234,20.629667521422803
6235,20.959735252722513
6236,21.28140776358293
6237,22.055220115057608
6238,22.555032192975574
6239,23.14319277231609
6240,23.540483645088873
6241,24.568589963952544
6242,24.938113773266572
6243,25.655020051116804
6244,26.421606362010206
6245,26.67834691768411
6246,27.23007137393234
6247,27.797696189936175
6248,27.87419905776367
6249,28.613590276034376
6250,29.510246555573985
6251,29.955163505579126
6252,31.65271095101214
6253,32.52350562298678
6254,32.77233123151912
6255,32.85395162845385
6256,34.20259719319533
6257,34.52611600498554
6258,34.25579311516485
6259,34.30840853798283
6260,35.03058202054175
6261,34.98995879735332
6262,34.623842575105556
6263,35.302685893358124
6264,35.4452804821326
6265,36.43454398393948
6266,36.0771382222291
6267,36.27073939050758
6268,36.024085029151756
6269,36.661578060538304
6270,37.34227300524305
6271,36.94905896688991
6272,37.19096560339859
6273,36.619107474900275
6274,36.25589336618133
6275,34.55392642290276
6276,33.324603213020055
6277,34.354485483278204
6278,34.18442462732155
6279,33.49164662137359
6280,33.441938680539934
6281,33.93204128722083
6282,34.62843633108447
6283,34.18094203180994
6284,33.732644512790515
6285,34.43201392227151
6286,34.414377828394706
6287,34.355878560115784
6288,34.351448344927924
6289,34.516612910524046
6290,33.038013764089655
6291,33.26606024204039
6292,32.81353129981895
6293,32.354363904854495
6294,32.40965947531378
6295,32.37109211732626
6296,32.286333946266
6297,32.06234193816825
6298,31.86405621186673
6299,31.73680171574596
6300,31.441976465813127
6301,30.814987228370587
6302,29.817431509048113
6303,29.663795836121523
6304,29.00217719466861
6305,28.599896065641158
6306,28.12739527268552
6307,28.04832494787289
6308,27.794896563881732
6309,27.60371505426064
6310,27.499181246013933
6311,27.42080451072142
6312,27.074372899309495
6313,26.807270601068538
6314,26.429691185077846
6315,25.810160853299344
6316,25.56440626275034
6317,25.4743439951198
6318,25.362715975049518
6319,24.98020826333473
6320,24.7038166496933
6321,24.494646681038457
6322,24.32337271819677
6323,24.30068234639988
6324,24.255360615753283
6325,23.60573449943788
6326,23.74008478292255
6327,23.114395510822906
6328,22.978304955713757
6329,23.007818798324802
6330,22.799163946100094
6331,22.631250043934788
6332,22.445618860286014
6333,22.314280343876863
6334,22.301075501770416
6335,22.299977287724108
6336,22.016566193113118
6337,21.924977272943693
6338,21.87022848116137
6339,21.74805968089148
6340,21.658194528043087
6341,21.409552262338963
6342,20.99592725951983
6343,21.05822024044415
6344,20.996573103558223
6345,20.750257222024995
6346,20.653329531681287
6347,20.62593154653628
6348,20.195666347161005
6349,20.20151278025241
6350,19.80017959684814
6351,19.812803996940005
6352,19.69859614121144
6353,19.6835092643855
6354,19.71554123106066
6355,19.537641549522114
6356,19.454614234461935
6357,19.361588766128506
6358,19.217815739557505
6359,19.162692491419936
6360,19.215543761829757
6361,19.166124208528196
6362,19.186889812672963
6363,19.09579077450598
6364,19.014776574068208
6365,18.90538946508084
6366,18.798547765688458
6367,18.783379360247665
6368,18.673314255823538
6369,18.63206857910888
6370,18.502549758009913
6371,18.49432502053413
6372,18.781675262474074
6373,18.971208522574333
6374,19.22991275712843
6375,19.37253171402261
6376,19.71456565378616
6377,20.235341095784293
6378,20.99030613178573
6379,21.436561196407133
6380,21.854320330491408
6381,22.296721179563093
6382,22.61018116985021
6383,22.959740050870938
6384,23.75227308472779
6385,24.144489330806454
6386,24.122558095471998
6387,25.630516595552105
6388,26.85523753826472
6389,28.250254315786155
6390,29.777297473986575
6391,31.141637804793643
6392,32.30553011768292
6393,32.70565366737868
6394,33.77962565100206
6395,35.60724396312913
6396,36.10869660257184
6397,36.85264103935543
6398,37.238470526199684
6399,37.84564548259562
6400,37.5257493488708
6401,38.74491167751016
6402,38.441805692628925
6403,39.01005987023422
6404,39.528681185906606
6405,39.42321485122241
6406,39.00796079620017
6407,40.097226695492665
6408,39.390463546074564
6409,39.35522155369504
6410,39.21862568249589
6411,39.43860303090525
6412,39.08895439961635
6413,38.99765317773629
6414,39.13839669504865
6415,38.80449732589206
6416,39.372458972692286
6417,39.320461095890266
6418,39.126382245215694
6419,39.14241491481919
6420,38.593813748475
6421,38.688340830379865
6422,38.482114729208206
6423,37.83802467927542
6424,37.69382379605097
6425,37.807157970705155
6426,37.319516119024726
6427,37.11703596138925
6428,36.57892590332061
6429,36.72180277868571
6430,36.88179798865836
6431,36.45281651591439
6432,36.41277459186147
6433,36.43283355461778
6434,35.925090340252375
6435,35.768676279078555
6436,35.48312170427386
6437,35.56744822904338
6438,35.04504287464483
6439,34.82465097269063
6440,34.50743887098389
6441,34.11111426586789
6442,33.8016954281881
6443,33.447275406649155
6444,33.028169148564885
6445,32.79245321729959
6446,32.472436090353625
6447,31.945645908772192
6448,31.15846626466253
6449,31.084668565533853
6450,30.20754156017634
6451,29.65662448846563
6452,29.234508483037576
6453,29.120818676740964
6454,28.44651008905804
6455,27.93881747750436
6456,27.57779633776389
6457,27.15882363316003
6458,26.887826532559135
6459,26.66874757141828
6460,26.71657799288344
6461,26.449054346493586
6462,26.206471431810225
6463,26.200430639663615
6464,25.88613851338582
6465,25.634346202831622
6466,25.40089294512689
6467,25.45040502103778
6468,25.193292990697113
6469,24.793718459529906
6470,24.567345635789604
6471,24.30191974948683
6472,24.076549733367475
6473,24.00134267330121
6474,23.900413211840394
6475,23.672668912718795
6476,23.37685287906843
6477,23.145006245469787
6478,23.039885983363778
6479,23.03862972998669
6480,22.76571144980093
6481,22.567711912107086
6482,22.404690885657907
6483,22.38074412647171
6484,22.380441490067497
6485,22.307390218936423
6486,22.142476283740997
6487,22.063664821102318
6488,22.03954054299839
6489,21.83315382227706
6490,21.695410802817218
6491,21.476854652626425
6492,21.340806720886842
6493,21.254125881662585
6494,21.302652858620196
6495,21.048216994912977
6496,20.60293545509277
6497,20.48856063102905
6498,20.38477549490251
6499,20.471727806835652
6500,20.445808100702816
6501,20.54122198912656
6502,20.39876099972701
6503,20.20326351662094
6504,20.32809282110379
6505,20.386808767996488
6506,20.330900923991006
6507,20.106288782300854
6508,19.995600255160294
6509,19.97203287903951
6510,19.727762792454396
6511,19.74497064719933
6512,19.669292842142266
6513,19.463137964568563
6514,19.459517297392097
6515,19.451391338804854
6516,19.51382082561071
6517,19.814055216252545
6518,20.286084576162043
6519,20.731902497396685
6520,21.36033066585512
6521,22.254142317297035
6522,22.836039086132335
6523,23.38280947699749
6524,23.884330302217535
6525,24.856503491937747
6526,25.921833289936494
6527,25.97327796898587
6528,27.53413222399924
6529,28.33861338608618
6530,29.28164817196626
6531,30.086795309575795
6532,31.296190749675848
6533,31.71139270801344
6534,32.21223578286292
6535,33.64840152561201
6536,35.1315773803071
6537,36.19981329209008
6538,37.0162843084505
6539,37.261847895003264
6540,37.46168988610957
6541,37.58794271371053
6542,37.01999485270797
6543,37.672097273148815
6544,37.628126761181
6545,39.01759066644809
6546,39.32537847049769
6547,39.91384000847806
6548,40.20720296615242
6549,40.386525874592074
6550,40.416479973594576
6551,40.53968476852548
6552,39.899973304842675
6553,39.7024552752618
6554,39.34858188836671
6555,39.56122737651603
6556,38.96089515943207
6557,38.99509362964257
6558,38.98315156646868
6559,38.5362007605671
6560,38.39881817913303
6561,38.30041779608651
6562,38.29322017403007
6563,38.22537586308025
6564,38.10312055743161
6565,38.04174138536978
6566,37.698455492552874
6567,37.20483043515265
6568,36.94656950930014
6569,36.87654038772571
6570,36.821280801854016
6571,36.56717167048417
6572,35.855173119821444
6573,35.75289757034376
6574,35.836060153986544
6575,35.81542888160304
6576,35.67393914826486
6577,35.697754141709964
6578,35.448495638317915
6579,35.10270857681819
6580,34.88386675616106
6581,34.88536895304716
6582,34.70423931640906
6583,34.34978640228393
6584,34.16216750124413
6585,33.54329285436303
6586,33.299369561553604
6587,32.70177872058728
6588,32.320680275167106
6589,32.02523262220269
6590,31.664465693326818
6591,31.475603296394045
6592,31.004165498433117
6593,30.910588172073986
6594,30.48634931936659
6595,30.33716518140022
6596,29.706323306955483
6597,29.306924288911205
6598,29.208570793272386
6599,29.045065827462654
6600,28.885825203739035
6601,28.794401324640088
6602,28.44055174313201
6603,28.312901937421866
6604,27.80730992323485
6605,27.632990452946302
6606,27.055482972748223
6607,26.767804085570937
6608,26.70968844178178
6609,26.306820642239416
6610,26.273941030753065
6611,26.281520005900703
6612,26.081377511110897
6613,25.682958472556034
6614,25.547422170784326
6615,25.341733857027343
6616,25.258408183619622
6617,24.83040880636336
6618,24.676744231159695
6619,24.710420804297566
6620,24.09496495174831
6621,23.890396337463056
6622,23.51502448223934
6623,23.52234933651446
6624,23.597672576456734
6625,23.479692642323215
6626,23.269494405033534
6627,23.18920598690482
6628,23.00514537168385
6629,23.024502675078526
6630,22.754030560418318
6631,22.414023352522396
6632,22.445481946160843
6633,21.996855925692074
6634,21.59781513852085
6635,21.59368935036229
6636,21.50932561790236
6637,21.42492859805911
6638,21.377259623769277
6639,21.13954505151197
6640,21.323796827549323
6641,21.051929405920404
6642,20.8966235189534
6643,20.81552690563332
6644,20.863891801523163
6645,20.659081432739814
6646,20.607601728831877
6647,20.570791124002973
6648,20.163269396280075
6649,20.048536248079078
6650,19.867729097615996
6651,19.6608722818713
6652,19.57412067518369
6653,19.425954641926946
6654,19.437337463441594
6655,19.544443022733898
6656,19.48750114368353
6657,19.621929681224703
6658,19.692565434383713
6659,19.89901881630523
6660,19.989454239470046
6661,20.27636569163511
6662,20.90749651478859
6663,21.40832965642912
6664,22.266374280770084
6665,23.2093211184408
6666,24.174697726244464
6667,24.962707194615675
6668,26.1126709851909
6669,27.225337287464033
6670,27.843815708187325
6671,28.947697257372532
6672,30.656886404346817
6673,30.99408556226486
6674,32.023998619603866
6675,33.82247920427949
6676,34.23458338744019
6677,34.43351876657104
6678,36.6957077855968
6679,37.04698921822702
6680,37.34736967320654
6681,37.194010510774035
6682,37.18451888178287
6683,37.8776588303799
6684,37.957471328379114
6685,38.166068202359526
6686,38.8238748417797
6687,38.930216522410014
6688,39.16430205433987
6689,39.20565243981453
6690,39.07886864361041
6691,39.40962685166197
6692,39.70099074325865
6693,39.146932892865145
6694,39.289757524239214
6695,39.23531237388776
6696,38.62254712196355
6697,38.45837348794042
6698,39.09543029534521
6699,38.100581567018644
6700,38.073760341814605
6701,38.579852309450224
6702,37.679920278444406
6703,37.46147933381318
6704,37.81923898687711
6705,37.76189802687413
6706,37.67343802250862
6707,37.01724336640521
6708,36.42586544420077
6709,36.79296876907457
6710,36.4981220798535
6711,36.06275425261969
6712,35.80937875191207
6713,35.917583708147106
6714,35.451674957044055
6715,35.56207708181793
6716,34.98739461489585
6717,35.12832790693703
6718,35.15104241247752
6719,34.977252056926666
6720,34.75068387323289
6721,34.81195557515723
6722,34.466609628937874
6723,34.36220500845653
6724,34.17842952942834
6725,34.140502148806284
6726,33.95736661671786
6727,33.54975053509744
6728,32.921958273085274
6729,32.38479415117058
6730,32.317555498641255
6731,31.825427553063314
6732,31.728436180803946
6733,31.591997339091506
6734,31.363932910914112
6735,31.08499883238522
6736,30.788221651815665
6737,30.577313960300373
6738,30.19090045954324
6739,29.879303351748508
6740,29.39388850074269
6741,29.420548625130664
6742,29.489349822746107
6743,29.451421227773263
6744,29.34055320631728
6745,28.878747138919504
6746,28.606131179111056
6747,28.52096741848833
6748,28.632907569180418
6749,28.37174895941653
6750,28.223677135394073
6751,28.308820324969126
6752,28.31837863425336
6753,27.625009121689256
6754,27.282008479367207
6755,27.245577564081675
6756,27.023416217444733
6757,26.974210692963304
6758,26.90618555525585
6759,26.772197334322865
6760,26.32791033816149
6761,26.11491927295654
6762,25.574684885109267
6763,25.19909848147664
6764,25.136505245177975
6765,24.810371014255765
6766,24.872380868722285
6767,24.52875307428651
6768,24.74760498853924
6769,24.692047271418442
6770,24.74648027387709
6771,24.573803636489412
6772,24.831972698332173
6773,24.69930015483775
6774,24.25720067185502
6775,24.20082860927784
6776,24.12283529938668
6777,23.620001177431995
6778,23.368899877842416
6779,22.950384326873493
6780,23.02389211742211
6781,23.377411920011802
6782,23.153605813531527
6783,22.73014114235679
6784,22.507692722619343
6785,22.69329399858911
6786,22.63512453824832
6787,22.459235007189847
6788,21.81133667527635
6789,21.623676305668006
6790,21.74067916682419
6791,21.492117647254794
6792,21.3326907873001
6793,21.345153697252186
6794,21.20995516099051
6795,21.286774680390288
6796,21.24453616529401
6797,20.935911565176067
6798,20.801153776229942
6799,20.667176881320177
6800,20.629225998087076
6801,20.6149546204785
6802,20.63453057393408
6803,20.934423960592994
6804,21.22866425620094
6805,21.65230231626465
6806,22.058383252439167
6807,22.624938104748715
6808,23.04885392491061
6809,23.659480181054423
6810,24.192942914663544
6811,25.111976656608867
6812,25.856665378697443
6813,26.262095597669664
6814,26.900774483199093
6815,27.580687720895593
6816,28.03490678514993
6817,27.875650173222674
6818,27.916380565278082
6819,28.18878168681415
6820,29.58697151845817
6821,29.99511346258584
6822,30.99900033130926
6823,32.5859372924932
6824,33.445490824517734
6825,34.38137384553397
6826,34.624873212999674
6827,34.76726429161701
6828,35.49591447808019
6829,35.60944134206642
6830,35.81638523261497
6831,36.37522266616942
6832,37.252770569458235
6833,37.058274431817914
6834,37.411252009829894
6835,37.343176415161786
6836,37.8082461870916
6837,37.80583513553808
6838,38.31918319994598
6839,37.98319445444419
6840,38.13219181542878
6841,38.300292796358846
6842,38.5112343242169
6843,38.668962304687625
6844,38.04879153667694
6845,38.130559115932265
6846,38.12410162170317
6847,36.77533878871071
6848,37.128389841618066
6849,36.56262769531012
6850,36.803410596071366
6851,35.9516218163301
6852,35.81130248906136
6853,35.96709187248066
6854,35.49428049679618
6855,34.88716128832629
6856,34.154404970325494
6857,33.77893621949944
6858,33.75833649776881
6859,33.862376913921445
6860,33.36925361106973
6861,33.34471717410301
6862,33.53238299904166
6863,33.19517548091433
6864,32.59926380209774
6865,32.53497163857549
6866,33.02923205417565
6867,31.66116995789271
6868,31.42964376925525
6869,31.246716632943226
6870,30.878152250101852
6871,30.79697537418799
6872,30.420913692914514
6873,30.396773152793727
6874,30.35408827786969
6875,29.612633080782917
6876,29.397981945132372
6877,29.077612044740594
6878,28.86090254447987
6879,28.478518318145262
6880,28.216716324054488
6881,28.057137968009954
6882,27.90915900899535
6883,27.8072355731653
6884,27.635659324832357
6885,27.611849664226398
6886,27.5299621594646
6887,27.46585644055199
6888,27.439675985150984
6889,27.27548401072821
6890,27.061149349747893
6891,26.720272271652004
6892,26.371955684546545
6893,26.398290266634564
6894,25.429310772540866
6895,25.353474051891848
6896,25.00856401094475
6897,24.675292647899862
6898,24.43990758785181
6899,24.19419003826286
6900,23.96499897472827
6901,24.13305680706504
6902,23.970200553724084
6903,23.39789506541928
6904,23.20386456120747
6905,22.85546669675126
6906,22.63547401685876
6907,22.7632081161725
6908,22.640091007840685
6909,22.532509623789913
6910,22.31600155115115
6911,22.334270256539675
6912,22.32542069084171
6913,22.23271753528888
6914,21.778889916702155
6915,21.687168401373345
6916,21.839653308652327
6917,21.413082592761718
6918,21.447580306189323
6919,21.181112973396253
6920,20.930263282456778
6921,20.84024516693521
6922,21.43352910302616
6923,20.812250142324874
6924,21.179475838870587
6925,20.998028346212582
6926,21.3434525380523
6927,21.138170616815763
6928,20.956030394876077
6929,21.0169807333408
6930,20.740349246669126
6931,20.680497507702434
6932,20.296310446707263
6933,20.297891326792303
6934,20.09846406870988
6935,20.292490416636358
6936,20.647567746760437
6937,20.015778921864417
6938,20.218474201270734
6939,19.907429765417714
6940,19.828954642227608
6941,19.982448835264826
6942,19.86787254126652
6943,19.786120909509226
6944,19.781295251255038
6945,19.71240608274727
6946,19.67860309038539
6947,19.812507580770436
6948,19.734182517639447
6949,19.98657853785734
6950,20.640534143080007
6951,20.72099167202725
6952,20.95079406113091
6953,21.757091897453975
6954,22.48438742729588
6955,22.865131337165923
6956,23.4641556538523
6957,24.293155326042655
6958,24.18465957552026
6959,24.474428919597425
6960,25.32546355590717
6961,26.55899515265341
6962,25.984331191779486
6963,27.09926091159958
6964,28.269313036528473
6965,28.545160889217772
6966,29.75586820509389
6967,30.270193039429287
6968,30.894570741560297
6969,31.82985619654716
6970,31.90684565197813
6971,32.47387799191769
6972,32.183146036764526
6973,33.64124344298185
6974,33.92345303419222
6975,34.99381877622429
6976,35.265473996539995
6977,35.87816614583797
6978,36.71796917236219
6979,36.38303163559646
6980,37.927123714113435
6981,37.32946122595816
6982,37.17269375518787
6983,36.75247244755465
6984,37.45436910578512
6985,36.89301238259533
6986,37.24178133486723
6987,38.316512278978465
6988,36.98503414377753
6989,36.60620363035465
6990,37.56858185906613
6991,36.860465992637245
6992,35.76111122279379
6993,35.94966884923922
6994,36.47275422476464
6995,35.79691966102428
6996,36.036107277917154
6997,36.15447925076931
6998,36.305185050512904
6999,35.43255567845009
7000,34.582579826941576
7001,34.53705919232313
7002,34.50605026773498
7003,34.22810261148896
7004,34.40953540877826
7005,34.37200005172618
7006,33.81611937235563
7007,33.643768052669394
7008,33.597809562617044
7009,33.21764799564804
7010,32.83342719890626
7011,32.64976473766524
7012,32.58406563011512
7013,32.458633840837244
7014,32.71713221499389
7015,32.57955132241354
7016,32.11496711674474
7017,31.941908442847744
7018,31.267108635150233
7019,30.59728483198526
7020,30.305975159563623
7021,30.111198003975748
7022,29.992582465495417
7023,29.266272931118905
7024,28.775205260841954
7025,28.580848906775987
7026,28.374528095961868
7027,28.2757394037698
7028,27.697638844530683
7029,27.380060076826922
7030,27.143022180051812
7031,26.74175477361987
7032,26.68131389857839
7033,26.532264120129273
7034,25.990823938152843
7035,25.54316780542097
7036,25.134378030677382
7037,25.134962872701262
7038,25.074086151457543
7039,24.557487823158244
7040,24.12436661375322
7041,24.076840878552428
7042,23.525259820296775
7043,23.49558837241739
7044,23.338229988384743
7045,23.205424136509404
7046,23.124577161315983
7047,22.924422544483058
7048,22.9508575880102
7049,22.62388142782293
7050,22.433052761859386
7051,22.52430158395909
7052,22.101930768258033
7053,22.085956710567977
7054,22.058678087542287
7055,21.894830915444835
7056,21.569753789289564
7057,21.401110626869077
7058,21.318941213321104
7059,20.885705515423975
7060,20.877416744913795
7061,20.901874920406293
7062,20.727639787648727
7063,20.7754276167693
7064,20.691117709395463
7065,20.645531074428924
7066,20.842242784888107
7067,20.5959510475509
7068,20.464331838761584
7069,20.503686580350738
7070,20.333968736483424
7071,20.127871308349263
7072,19.918304234055977
7073,19.894088906118043
7074,20.003154863993966
7075,19.857839422668697
7076,19.82929677273508
7077,19.83908949615761
7078,19.8007625491278
7079,19.733029361940712
7080,19.526293165338036
7081,19.31734574099751
7082,19.157301134976958
7083,19.25496324532975
7084,19.02418105748103
7085,18.790458521068906
7086,18.6633746069927
7087,18.539744632787805
7088,18.673780927181067
7089,18.65979483423845
7090,18.362320897889944
7091,18.480705143830075
7092,18.72459100751709
7093,19.204919832448983
7094,19.9442699164035
7095,20.494324741293934
7096,21.397999842003113
7097,22.341764598885717
7098,23.213382759566695
7099,23.559879870310017
7100,24.37929634659466
7101,25.744911130253627
7102,25.975855324060106
7103,26.95701800791036
7104,28.185705149058368
7105,28.734791486707785
7106,29.692631672313727
7107,30.39857900811652
7108,31.209479471600645
7109,31.801722649390236
7110,31.688075636745893
7111,33.77643999938483
7112,33.78659026043664
7113,34.583260904192386
7114,35.682134183505056
7115,35.87388466770358
7116,36.424721600282126
7117,36.70355673944096
7118,37.22619757007364
7119,36.903808892554444
7120,36.59036263540844
7121,37.7204324917064
7122,36.49355339462009
7123,37.239559721577564
7124,37.14067443690617
7125,37.851703520350824
7126,38.396584267614145
7127,38.70494435142055
7128,37.752341813836125
7129,37.84399458634426
7130,37.538906461093426
7131,37.73490528307447
7132,36.9049823654218
7133,37.24251115228107
7134,37.27716832694394
7135,36.44461414291924
7136,35.723552537604654
7137,35.56825732205807
7138,35.031147532788815
7139,35.573261156437674
7140,34.57500863748909
7141,35.151964620134606
7142,33.555063567721426
7143,32.69953260705551
7144,32.425243818065034
7145,33.07249891983096
7146,31.57070997695813
7147,31.1807925352406
7148,31.0136756453988
7149,31.29741638197067
7150,31.958205689267476
7151,32.18281492566814
7152,31.328006171653865
7153,31.126369511461174
7154,30.7838407580999
7155,31.935081895751555
7156,32.04408462633096
7157,31.43074872054063
7158,31.003886713926125
7159,30.51213838454999
7160,30.434431757842997
7161,29.997121103617356
7162,29.72480055565696
7163,29.363253637830475
7164,29.17773329084803
7165,29.044634851639103
7166,28.810824934894022
7167,28.66442316159304
7168,28.46770855840119
7169,28.482145783066542
7170,28.117289695921983
7171,27.975568484241133
7172,27.687032471856273
7173,27.394968480267725
7174,26.861622387534624
7175,26.71155729754318
7176,26.595943108682988
7177,26.26552462601994
7178,25.896719750233462
7179,25.612788275919115
7180,25.598463373559092
7181,25.630488237072765
7182,25.571673666768447
7183,25.410260460592482
7184,25.437810301418793
7185,25.327355863753247
7186,24.98465580432348
7187,24.991602380400995
7188,24.980517433425277
7189,24.82006259534035
7190,24.734792152495675
7191,24.27601930054803
7192,24.072871460885985
7193,23.873623669677052
7194,23.716926642788795
7195,23.761905359170775
7196,23.779607350972558
7197,23.514390677185045
7198,23.680005575759107
7199,23.464478523905797
7200,23.383555691484208
7201,23.065525061987323
7202,23.121761819015855
7203,22.805389987953664
7204,22.992566296695024
7205,23.005319024772692
7206,22.89118873780418
7207,22.924169780911345
7208,22.96697921240405
7209,22.92024085272329
7210,22.93729195962675
7211,23.118462270530205
7212,22.976512497601462
7213,22.914086906341065
7214,23.01326686891659
7215,22.904850026080823
7216,23.017439801627486
7217,22.84804089785136
7218,22.941190262784826
7219,22.866810403623095
7220,22.88186652256843
7221,22.77862449387263
7222,22.612690331702886
7223,22.50580020392334
7224,22.502030428924176
7225,22.507066128932884
7226,22.829465356368022
7227,22.80803860775904
7228,22.593702801709874
7229,22.63810004380021
7230,22.467458041016744
7231,22.43262891342046
7232,22.34502747348709
7233,22.33417648058614
7234,22.410029655779063
7235,22.24677086883802
7236,22.359519443681137
7237,22.52516690487864
7238,22.694651823911396
7239,22.752981061342673
7240,22.918801619418996
7241,23.088617958614233
7242,23.718002998704055
7243,24.155848732808938
7244,24.831111249473174
7245,25.277915434834846
7246,25.9298001577809
7247,26.125793125094933
7248,26.514581767366803
7249,27.001406225153175
7250,27.842031125556336
7251,28.148687180219273
7252,28.366284239891982
7253,28.309219529211248
7254,28.195142638402753
7255,28.212795517622702
7256,28.025229584806805
7257,28.629200355613428
7258,28.576601502588634
7259,28.626704825830355
7260,28.78287393997245
7261,28.91738387901283
7262,28.755040235055507
7263,28.820066757539514
7264,28.798014189642426
7265,28.57120255260875
7266,28.75105760715036
7267,28.80521537996684
7268,28.68405286233682
7269,28.355986988345467
7270,28.479577496846343
7271,28.806045415878604
7272,28.18218992589293
7273,27.576580165584296
7274,27.188942874092813
7275,27.22709231433369
7276,26.372900601947364
7277,26.045177480464616
7278,25.025425278811735
7279,24.85867211128619
7280,24.793204656772225
7281,24.33093442603405
7282,23.980169676143152
7283,23.28804069557428
7284,23.014331514775897
7285,22.80743069960906
7286,22.805880572545988
7287,22.623625595902173
7288,22.397711909379623
7289,22.605915229300326
7290,22.474248616717688
7291,22.449287491216907
7292,22.346587997990685
7293,22.23517706717313
7294,22.23666523643991
7295,22.022050619268228
7296,21.892988076928056
7297,22.001893412047977
7298,21.771795089522666
7299,21.700235022796747
7300,21.992890860783767
7301,21.674855310118986
7302,21.654602694531654
7303,21.64359943246101
7304,21.561065624907513
7305,21.531784622897465
7306,21.47231404173083
7307,21.243797618608266
7308,21.30531060897004
7309,21.201287046308064
7310,21.150281087676976
7311,20.84585154002643
7312,20.773593850874086
7313,21.00339094729179
7314,20.821474207895374
7315,20.79367885313735
7316,20.735874424228516
7317,20.75341781581285
7318,20.734973910294894
7319,20.653452770749468
7320,20.659774205131242
7321,20.58935178377057
7322,20.40078806099926
7323,20.50686911901569
7324,20.381358706004555
7325,20.409099844655934
7326,20.33122833990759
7327,20.395583273434486
7328,20.366683325088186
7329,20.203074766275208
7330,20.21034830332087
7331,20.255717035726473
7332,20.16727071664969
7333,20.045586652323813
7334,19.940530235955922
7335,19.957796036982405
7336,20.099815486453622
7337,20.070969584521713
7338,20.087283087891358
7339,19.9882604803704
7340,20.057723252345166
7341,20.01871971297741
7342,20.01872768866092
7343,19.994217594539684
7344,19.936983944147208
7345,19.977590817944595
7346,20.02854099972756
7347,20.021713034195155
7348,20.056258614000022
7349,20.02969065141735
7350,19.92162992187781
7351,19.88403850779599
7352,19.898752416243685
7353,19.910457009281775
7354,19.87725852694056
7355,19.96385761492475
7356,19.93127069400251
7357,19.96043769691463
7358,19.97302561781824
7359,20.055910480272935
7360,19.975332151017426
7361,19.993004204438364
7362,19.92367619932909
7363,19.939607148113875
7364,19.940903234096925
7365,19.89775002988757
7366,19.95260490120047
7367,19.906056245898927
7368,19.94734946711661
7369,19.8272937283915
7370,19.859957917640163
7371,19.819679395602247
7372,19.8848707753027
7373,19.902753089638086
7374,19.86359988338265
7375,19.898856759890627
7376,19.923296952059623
7377,19.98370327392795
7378,20.054477857324002
7379,20.188919672344355
7380,20.270935807227172
7381,20.269204224368092
7382,20.546298397371725
7383,20.599849342559345
7384,20.665242255147763
7385,20.762904913080853
7386,20.751869899280706
7387,20.67535300257902
7388,20.642251739948364
7389,20.724539934389643
7390,20.810731362885228
7391,21.10008727601445
7392,21.186843528415015
7393,21.23961891667084
7394,21.56723384377481
7395,21.791896177094113
7396,22.028374384040134
7397,21.903465851431765
7398,22.045077890195042
7399,22.32165914152064
7400,22.66631388761894
7401,22.735030310870656
7402,22.90434569500124
7403,23.188566278017
7404,23.32613875737752
7405,23.83677556501384
7406,23.89574064263211
7407,24.327512052935738
7408,24.59189001606392
7409,24.557166870131507
7410,24.732054360171432
7411,24.423482613167796
7412,24.52360607783538
7413,24.04267927244675
7414,24.29936850881745
7415,24.536299098833357
7416,24.965860459456298
7417,25.301872425951636
7418,25.345683437210432
7419,25.83549684797993
7420,25.556796091611737
7421,25.28767304961092
7422,25.45498491232156
7423,25.444307783282476
7424,25.652760298284175
7425,25.747526787866388
7426,25.653755238835807
7427,25.966781425302404
7428,25.458575115779986
7429,25.46508612355576
7430,25.56512449371481
7431,25.224150793849184
7432,25.13023440031763
7433,25.103351247665234
7434,25.01814733661607
7435,24.945770854043218
7436,25.250187728893593
7437,25.11208873224749
7438,25.407330365022606
7439,25.60778672137187
7440,25.35818091527773
7441,25.662077958432715
7442,25.28795324158323
7443,24.851615638315156
7444,24.43238007550812
7445,24.27052183551404
7446,24.205842355698646
7447,24.104557392239144
7448,24.198566720367214
7449,24.066399612260508
7450,24.08314064259462
7451,23.969916141851943
7452,23.955135282651582
7453,23.89193892556857
7454,23.849367093786395
7455,23.66626258623073
7456,23.525477313989413
7457,23.57093822769017
7458,23.61130909748105
7459,23.392041534676814
7460,23.12846904846451
7461,22.809113709769587
7462,22.392386533133724
7463,22.4076294442431
7464,22.390740216095857
7465,22.183558512805583
7466,21.861869481913413
7467,21.92076292430582
7468,21.821413745014222
7469,21.784286596442666
7470,21.37576080730201
7471,21.608499799868948
7472,21.437218183224026
7473,21.286457484601222
7474,21.16302993243964
7475,21.240436125907518
7476,21.246149282828615
7477,21.26932183530469
7478,21.47436202682068
7479,21.582621844669077
7480,21.63316795986797
7481,21.669229485384268
7482,21.439591533600936
7483,21.378984021181463
7484,21.10534435934675
7485,21.058230958663405
7486,21.04926888025235
7487,21.264025017876236
7488,20.787583077801493
7489,20.77579389943459
7490,20.742368499575182
7491,20.824741301235385
7492,20.7739484405827
7493,20.659775442254247
7494,20.53567834484682
7495,20.50285412903413
7496,20.490316780718988
7497,20.485978577730474
7498,20.50767500808212
7499,20.449623198616457
7500,20.468504006050477
7501,20.527429914293922
7502,20.45443823861748
7503,20.18721446690335
7504,20.134658372138386
7505,20.08230204257737
7506,20.083544865538443
7507,20.055232294463796
7508,20.113318412545333
7509,20.136708773380846
7510,20.244023826429828
7511,20.340923224210695
7512,20.403242791248804
7513,20.370623613339486
7514,20.288783176923374
7515,20.23242983266131
7516,20.277758851979772
7517,20.135203886457173
7518,20.175675100126167
7519,20.138557445152276
7520,20.160323201384198
7521,20.222035061467057
7522,20.287705940562304
7523,20.324366561584785
7524,20.37580798085368
7525,20.42509837200907
7526,20.60850308695217
7527,20.77843459778823
7528,20.93982834484401
7529,21.098017629360314
7530,21.520800951769417
7531,21.82138100877829
7532,22.284288480784742
7533,22.860466544450667
7534,23.395603576411027
7535,23.820898610802526
7536,24.37326310025329
7537,24.952947483274546
7538,25.402000155166466
7539,26.080060837963206
7540,26.47450220695337
7541,26.686280260812495
7542,27.142213096662736
7543,27.7869791055768
7544,28.016641642814314
7545,28.882384210371363
7546,28.287505182141707
7547,29.311070007402925
7548,29.92565884528541
7549,30.114779298348598
7550,30.175072750684258
7551,30.7821208799145
7552,30.691598947438685
7553,30.973997700037213
7554,31.4255260052351
7555,32.62016005184367
7556,32.743512677947436
7557,32.847716251104856
7558,33.88028907384454
7559,34.461137804053536
7560,33.75531971481379
7561,34.46722729649007
7562,34.96944139281415
7563,35.429323522333824
7564,35.556553255692634
7565,35.00816591105239
7566,35.48484988540089
7567,35.17402268949415
7568,35.02962491125716
7569,35.3980077499064
7570,34.44804388166224
7571,33.953689221942504
7572,33.30824563656719
7573,33.54889659475895
7574,33.17128058799721
7575,32.95688700740927
7576,32.405649300109474
7577,31.89434017038931
7578,32.25138475017661
7579,31.98957083921034
7580,31.458632271507934
7581,31.094312942689733
7582,31.15860625480331
7583,30.958538803553267
7584,30.519001988945927
7585,30.95164667404499
7586,30.745443562998016
7587,30.637702535274798
7588,30.274035143944005
7589,30.201359447878627
7590,29.885055156394234
7591,29.555835637690112
7592,29.34974478670245
7593,29.10923571781519
7594,28.850930692568024
7595,28.6084133732371
7596,28.093340415982336
7597,27.807322303577887
7598,27.45884527485418
7599,27.138012932871547
7600,26.45064478120297
7601,26.274104722737118
7602,26.26117369228533
7603,26.112070527849344
7604,25.32763055177713
7605,25.118151991498625
7606,24.674771572872203
7607,24.668054152245873
7608,24.484579794070605
7609,24.259715051847387
7610,24.09882755961113
7611,23.976739804245074
7612,23.874319493196328
7613,23.673433325740913
7614,23.70131341650154
7615,23.67258924832433
7616,23.343527577453045
7617,23.285324478382854
7618,23.002840012621494
7619,23.05893313845043
7620,22.74466585729798
7621,22.671811307596908
7622,22.57594494769608
7623,22.41547641294887
7624,22.28922341852158
7625,22.277142377099818
7626,22.137369088398145
7627,22.139245651483794
7628,22.210847614219656
7629,22.173033617294514
7630,22.033686972387773
7631,21.790740746510682
7632,21.77424815152721
7633,21.636573916387498
7634,21.65742529587588
7635,21.535144751518487
7636,21.490249641094966
7637,21.571159226259798
7638,21.345078017758865
7639,21.345789362670697
7640,21.246264065966237
7641,20.97822210451602
7642,21.219356269753387
7643,21.03168223612116
7644,20.965453418503383
7645,20.971339647302408
7646,21.01434361927005
7647,21.206051158969903
7648,20.99121257250845
7649,21.056247323550593
7650,21.15599104444118
7651,21.09831047955895
7652,21.088124754002543
7653,21.060770481295325
7654,20.951453775349695
7655,20.853630571340865
7656,20.636772734396597
7657,20.72941176984073
7658,20.607971466726124
7659,20.655344272256755
7660,20.646873632183368
7661,20.724664185863126
7662,20.753799736355216
7663,20.610436839961405
7664,20.54760455211676
7665,20.496811813947247
7666,20.59803016596386
7667,20.634199649466403
7668,20.78793083546377
7669,21.005007534559148
7670,21.09176695769499
7671,21.21163045525237
7672,21.36192804742741
7673,21.787336472010644
7674,21.88693827568396
7675,22.429368043672667
7676,22.473211203106004
7677,22.836045160472924
7678,22.93360961060427
7679,23.233594917808393
7680,23.186039183962922
7681,23.3738405831896
7682,23.582502051207367
7683,23.915080195851413
7684,24.129424691372588
7685,24.52548643958415
7686,24.948973306889002
7687,25.80477126014712
7688,26.40499779930278
7689,27.12093745124822
7690,27.82666617206135
7691,28.184993699196514
7692,28.53194696697984
7693,28.81422761454649
7694,29.727028451671817
7695,30.761568111101443
7696,30.818870777877954
7697,31.765234994495763
7698,31.294693185480888
7699,31.525503476684282
7700,32.26795616714607
7701,31.95987411605007
7702,32.76194310030279
7703,32.78224565206093
7704,33.4392861156723
7705,34.32133449844988
7706,34.57850640608821
7707,35.08369519748737
7708,34.67689848528118
7709,35.30177343346076
7710,35.88394038635762
7711,35.48770588803265
7712,35.881729499895584
7713,36.12862280304329
7714,35.82945279477129
7715,35.84952272235379
7716,35.18141530325829
7717,35.33035399761341
7718,35.673142947530586
7719,35.04141716068517
7720,34.880355310441544
7721,33.951827945360854
7722,35.13952163075845
7723,34.470603513485756
7724,33.54262988664925
7725,32.49833987431256
7726,32.67405319101799
7727,31.717679576605608
7728,31.318615624793214
7729,31.322236939281808
7730,31.36523466725733
7731,31.17252173611671
7732,31.202560842649444
7733,31.244260321771936
7734,31.099081868936942
7735,30.624345766451388
7736,30.460650039463783
7737,30.21330393447872
7738,30.031397235428397
7739,29.49709216049318
7740,28.916247517266527
7741,28.684081822957857
7742,28.37798582589949
7743,27.998891891281293
7744,27.790904457439037
7745,27.66816670444045
7746,27.366019748490064
7747,27.212480088309192
7748,26.758494883689345
7749,26.376876394415113
7750,26.027270249227463
7751,25.901463166670975
7752,25.803076303236825
7753,25.25856210811864
7754,24.957242186212003
7755,24.599677074662825
7756,24.383023352602436
7757,24.450468514198025
7758,24.117946349162693
7759,24.14154486249523
7760,23.99919932484538
7761,23.897095234959906
7762,23.789186791171304
7763,23.69527148874596
7764,23.707929393202654
7765,23.623116552879416
7766,23.427773393687723
7767,23.37195997899732
7768,23.305342163706182
7769,23.23230980433469
7770,22.846768435565572
7771,22.964339034192747
7772,22.815115637087708
7773,22.76257756865521
7774,22.70207046268432
7775,22.288283955177604
7776,22.25152533431902
7777,22.19392598985576
7778,22.11450575038018
7779,21.845039662126684
7780,21.949959214952873
7781,21.869127630828327
7782,21.77690983065151
7783,21.643427757087135
7784,21.708780874073156
7785,21.728717264205596
7786,21.73014166685981
7787,21.68834892204925
7788,21.684933620546243
7789,21.641439008517413
7790,21.630892894569328
7791,21.592276956859752
7792,21.367295520816548
7793,21.338125912843424
7794,21.288249801848306
7795,21.191616367324247
7796,21.166704416664828
7797,21.28779868029572
7798,21.34017701922869
7799,21.324851236586575
7800,21.349893220984868
7801,21.4886696156783
7802,21.47426738935963
7803,21.419100760367186
7804,21.323936892023013
7805,21.315345669536978
7806,21.386254488146534
7807,21.322743983788563
7808,21.262650400281693
7809,21.119074328871505
7810,21.056281187457785
7811,21.156683486170138
7812,21.206686742757494
7813,21.388139554414423
7814,21.35400768255995
7815,21.302612876654386
7816,21.3664553141693
7817,21.78903118468968
7818,22.322042832928027
7819,22.90986008967547
7820,23.316019585289148
7821,23.634341940571076
7822,24.3505397924525
7823,24.746115249043516
7824,25.0424936950172
7825,25.784660504370216
7826,27.00626785648152
7827,27.538179438463313
7828,28.024105357812978
7829,28.464195316301005
7830,28.778671577162267
7831,29.054899576664244
7832,30.219766778683514
7833,30.48126393770321
7834,31.21334157113548
7835,31.672244889322414
7836,32.43833172718667
7837,32.508387260614036
7838,33.835685204054926
7839,33.93042041649796
7840,35.21421758844867
7841,35.398818255704384
7842,36.37366167262215
7843,36.27606794931091
7844,36.638791458832344
7845,36.35590856357987
7846,37.17809610421798
7847,36.66934140456455
7848,35.828783572928266
7849,36.58735192106114
7850,36.837106539347175
7851,37.4602440794124
7852,37.68163093814914
7853,37.89940212683709
7854,38.08304345007519
7855,37.87680742832612
7856,37.71758382325613
7857,37.35242709332397
7858,37.56384108911888
7859,37.6234082238998
7860,37.073321591277164
7861,36.70032408818129
7862,36.31314754796896
7863,35.88842319417482
7864,35.10945951257388
7865,35.09918155363122
7866,34.39727324071915
7867,34.231114313876155
7868,33.71859035527163
7869,34.54185203829568
7870,34.32923102072828
7871,34.80209874294547
7872,33.83664442308505
7873,33.43576833587902
7874,33.352959492634696
7875,32.67135279864646
7876,32.76766506277435
7877,32.495437789098474
7878,32.06727195505926
7879,32.03665519866752
7880,31.88397164805806
7881,31.649870854686004
7882,31.24756213974265
7883,30.691021315688918
7884,29.928187449049663
7885,29.115626110255874
7886,29.08949479470697
7887,28.584280259933976
7888,28.295948599883292
7889,28.21467457877489
7890,27.50928329313833
7891,27.460485330765813
7892,27.473653555581624
7893,27.18685950286562
7894,26.636898753459878
7895,26.696296112762145
7896,26.303441571827918
7897,26.245143260559214
7898,26.043231100647834
7899,26.17288900718568
7900,26.024066934853295
7901,26.052795219226205
7902,25.89101201107991
7903,25.782315293626233
7904,25.428532454411968
7905,25.39167544453782
7906,25.009928112961617
7907,24.96770329028744
7908,24.992508784982366
7909,24.795472855372765
7910,24.540094580991465
7911,24.415396827972298
7912,24.100931194301378
7913,23.962481479792892
7914,23.964030440063713
7915,23.917166397420452
7916,23.798726791410058
7917,23.715950673700352
7918,23.634250622164075
7919,23.527021412706027
7920,23.26986323510061
7921,23.13568437261853
7922,23.198574268028523
7923,23.318418230422026
7924,23.34539398369668
7925,23.289020533569474
7926,23.182647036063173
7927,23.03736022457754
7928,22.71409974984486
7929,22.51760914219303
7930,22.34213051992221
7931,22.10261750596889
7932,22.0485678603317
7933,22.00493372770014
7934,22.175767358257623
7935,21.847165840569314
7936,21.86570778931072
7937,21.8966435295718
7938,21.850696507981468
7939,21.930904147580474
7940,21.899586925942085
7941,21.691547849409
7942,21.808098818809576
7943,22.00281721019702
7944,22.00078906007193
7945,21.892128521487912
7946,22.0294276630961
7947,21.829268871140997
7948,21.67074403093513
7949,21.661589047556063
7950,21.527567314143816
7951,21.532616552217338
7952,21.51770453686278
7953,21.478323577811846
7954,21.49266668896053
7955,21.593373563104645
7956,21.649600481356146
7957,21.71332021321246
7958,21.87405087188532
7959,21.992154129496825
7960,22.064601246115505
7961,22.337209962364206
7962,22.385431775001063
7963,22.31735816352374
7964,22.654442106361284
7965,23.240453997686245
7966,23.747036445887726
7967,24.145664219053337
7968,24.064501068535275
7969,24.425974366816913
7970,24.73209402657933
7971,24.961404680176567
7972,25.502653533706894
7973,26.193815174254837
7974,26.33605003408248
7975,27.119460208397868
7976,27.953417365625395
7977,28.626713922707108
7978,29.60775694249829
7979,30.148029384911087
7980,31.04845543925505
7981,32.025303098152044
7982,32.74146241443825
7983,32.747014586789064
7984,33.403469424659754
7985,33.79013823671357
7986,33.94478534229913
7987,33.810080528466415
7988,34.17529162632452
7989,33.854011809963716
7990,34.0076423197576
7991,34.696720593982924
7992,34.93780284267994
7993,35.16708114466274
7994,34.68327557634947
7995,34.97974660684021
7996,34.82251770984604
7997,34.843596213973974
7998,34.267984286073336
7999,34.01571043377783
8000,32.93793703145557
8001,28.808923163462303
8002,28.197961991274283
8003,27.960807459446453
8004,26.292535423726576
8005,25.91015147826465
8006,25.064352612802367
8007,24.77227787958198
8008,24.539592884713286
8009,24.605439930822055
8010,24.662383450306567
8011,24.92228517274639
8012,25.237524805757932
8013,25.43932150790386
8014,26.016471725972597
8015,26.456352662928467
8016,26.699399803648117
8017,27.33402046557655
8018,27.45513877267995
8019,28.057045124414355
8020,28.06023937849228
8021,28.164787039567422
8022,27.966683908233186
8023,27.930440244948688
8024,27.803964314950882
8025,27.460695804418727
8026,27.435173103047497
8027,27.370011270723392
8028,27.27588608763819
8029,27.087989565229375
8030,26.871734138769803
8031,26.731745964580046
8032,26.34914406824247
8033,26.158459301540383
8034,25.93672828721923
8035,25.81345786782507
8036,25.649973932038723
8037,25.527668560881082
8038,25.349095336204652
8039,25.413982177285686
8040,25.461811649972546
8041,25.253389334049803
8042,24.48220715866593
8043,24.491871635286966
8044,23.933979666886035
8045,23.992292761150857
8046,23.846082033244727
8047,23.805583108578563
8048,23.596224640098058
8049,23.51908318337287
8050,23.46060191411259
8051,23.435256713962005
8052,23.29220108294745
8053,23.181159951286915
8054,23.18834645708174
8055,23.32166033457184
8056,23.326869831251415
8057,23.061776707804235
8058,22.905089558628507
8059,23.115136244499787
8060,22.799767949861454
8061,22.808270025015876
8062,22.618169721571437
8063,22.252837855741532
8064,21.90195376169806
8065,21.737699681777
8066,21.548626508928027
8067,21.48946066287618
8068,21.41238356711411
8069,21.349287482481742
8070,21.180177110591185
8071,21.26147262483528
8072,21.22637958498442
8073,21.19022061899539
8074,21.080612907991664
8075,21.01264956827682
8076,20.90041616148775
8077,20.661692385147454
8078,20.54952531672154
8079,20.681901128827562
8080,20.862903839802396
8081,20.838056143644554
8082,20.84676525595113
8083,20.72064104509838
8084,20.59004537619971
8085,20.519019117673064
8086,20.29651309998342
8087,20.365592752887604
8088,20.428769202277888
8089,20.46039630624293
8090,20.49447115686539
8091,20.529148574626305
8092,20.47090972446879
8093,20.566741101759572
8094,20.443494634358423
8095,20.356841826549243
8096,20.312429126514576
8097,20.116984156613
8098,20.104408961634665
8099,20.197509881123896
8100,20.19920260328577
8101,20.448623308341386
8102,20.78351312779472
8103,20.67394830784345
8104,20.87870395657631
8105,21.064841055664537
8106,21.38473700853899
8107,21.61842821666325
8108,22.11781115204148
8109,22.302151392318883
8110,22.880472639843653
8111,23.411643881324306
8112,23.821810399868333
8113,24.857651729900567
8114,25.17178841992239
8115,25.89563015407078
8116,26.320379080526163
8117,26.615250871565955
8118,27.053295091106886
8119,27.505167928011534
8120,28.905396350208168
8121,29.54768163578863
8122,30.04840347130921
8123,30.614622992083838
8124,30.755309884261365
8125,32.29569648865671
8126,32.57403439653105
8127,33.66753742797046
8128,33.59405008372304
8129,34.07933636015652
8130,34.43869593034389
8131,35.687415617237356
8132,36.348696705077
8133,36.565594043821235
8134,36.48038808987941
8135,36.76608064728113
8136,36.598830467491375
8137,37.21836592551834
8138,37.22965032924309
8139,37.625580512406316
8140,37.44931480609135
8141,37.555394142265115
8142,37.41414435664837
8143,37.43195278340667
8144,37.72408559195646
8145,37.33637442410319
8146,36.88788165528892
8147,36.923834107264085
8148,37.07930104938931
8149,37.452477886959585
8150,36.583862551747224
8151,36.52102726465209
8152,35.70870533873582
8153,35.63089636955279
8154,36.204002973436545
8155,35.0516941589455
8156,35.002908477130816
8157,35.65649818919644
8158,35.44236185240382
8159,35.401112335854314
8160,34.642562067280224
8161,34.683525340665774
8162,34.41560416126638
8163,34.2406207412904
8164,34.1491418232896
8165,33.50562321082541
8166,33.18169637958607
8167,33.14682138479788
8168,32.9656677950713
8169,32.881262613821164
8170,32.25108120066238
8171,31.134379285686475
8172,29.973071421438718
8173,26.737705681530947
8174,26.172737049985752
8175,26.06811728984313
8176,26.023144598848916
8177,25.89201480518294
8178,25.598693707033874
8179,25.365449684529352
8180,25.276765425537327
8181,24.8928935968164
8182,25.105258852073018
8183,25.04395094502493
8184,24.986890073893004
8185,24.903323288493322
8186,24.962534877814164
8187,24.861005130804035
8188,24.637042677601777
8189,24.468341619389808
8190,24.56881917130082
8191,24.565853307215395
8192,24.413281978813917
8193,24.293546952361122
8194,24.08571795586556
8195,23.859426994759552
8196,23.69087624702832
8197,23.437614739195908
8198,23.466134672558578
8199,23.3638903445999
8200,23.30158727874823
8201,23.416468699549995
8202,23.38259224058503
8203,23.414977365615744
8204,23.352505578615066
8205,23.332519548629058
8206,23.22430543185831
8207,23.025004940594712
8208,22.953116875286977
8209,23.146605846896282
8210,23.049578350929988
8211,22.977720148706823
8212,22.851997011149606
8213,22.73688203293411
8214,22.350014764685067
8215,22.394140048004495
8216,22.39759118381287
8217,22.43373323740443
8218,22.300594340379437
8219,22.006363365839896
8220,21.963939591991
8221,21.917505040704906
8222,22.13263549444653
8223,22.063967105431644
8224,22.079848134703205
8225,22.06154406808981
8226,21.667979714807103
8227,21.726154777870235
8228,21.606675012399307
8229,21.54164294601924
8230,21.73218696503994
8231,21.864543032171373
8232,21.891914387156074
8233,21.886761590696917
8234,21.831291115531524
8235,21.623968312258967
8236,21.642370734764103
8237,21.623726066149924
8238,21.56516258401517
8239,21.470427517907094
8240,21.53258904600605
8241,21.25185392501214
8242,21.360663548209512
8243,21.5328208161635
8244,21.636206680742898
8245,21.738735687926653
8246,22.10721494338397
8247,22.239795460901288
8248,22.679821819131654
8249,22.867538414135854
8250,23.238725947338036
8251,23.586416002337796
8252,23.898151629503424
8253,24.919873186766285
8254,25.411695164232594
8255,25.805072276487124
8256,26.43221882278814
8257,27.16540661687455
8258,27.668844527868284
8259,27.5590332844519
8260,27.747366319792118
8261,28.06455762928818
8262,28.043795698894417
8263,28.498280750206316
8264,29.033307813320896
8265,29.52000900110134
8266,29.469800935231458
8267,29.871406271127636
8268,30.780414215100404
8269,33.013107368202284
8270,33.57838627587835
8271,33.4057863016875
8272,33.99796315374677
8273,34.918582632875214
8274,35.17675676576755
8275,35.5598440910921
8276,35.79442367391188
8277,35.94265482385214
8278,37.21535036306416
8279,37.09731842732424
8280,36.41750574432778
8281,37.16796438102305
8282,36.9652522854149
8283,37.78379759242727
8284,37.01293716247173
8285,37.55978557003241
8286,36.99299735230257
8287,37.07026631151785
8288,36.93646566337883
8289,36.72835674182822
8290,36.850651223652825
8291,36.4516551575512
8292,36.00492562581331
8293,35.5262507563029
8294,35.27287896205661
8295,34.96611265173569
8296,34.310614154454036
8297,33.763032431664726
8298,33.703065503705666
8299,33.668546284319284
8300,33.37588621390897
8301,32.95404825580191
8302,33.338383851814626
8303,32.87149773026145
8304,32.378292201745204
8305,31.962441977696464
8306,31.469475167835718
8307,31.52009554740404
8308,31.117479160625383
8309,30.805450110515654
8310,30.667416759607345
8311,30.462826860556124
8312,30.32183987900258
8313,30.232370747831087
8314,30.1976476156744
8315,30.06665432482067
8316,30.115949242043023
8317,29.155221798816623
8318,29.468940546374142
8319,29.165603605237514
8320,28.622333228618068
8321,28.479791470999206
8322,28.133826549679956
8323,27.821151129066568
8324,27.575238535326296
8325,27.42850222492096
8326,27.34004421075844
8327,27.262786028393204
8328,27.043780355873587
8329,27.060549562204734
8330,26.862092201050235
8331,26.78613323925255
8332,26.568151229579023
8333,26.81924937658999
8334,26.67420053194312
8335,26.680104160318685
8336,26.74554124109724
8337,26.573765998488994
8338,26.56252867363929
8339,26.20166494670234
8340,26.13087418322059
8341,26.169035880252423
8342,25.84517050292536
8343,25.79413562892958
8344,25.837430954230044
8345,25.806333498709787
8346,25.67956100880297
8347,25.476467933634254
8348,25.304928146868914
8349,25.49565021842664
8350,25.16236311463841
8351,24.504547334666164
8352,24.299087595918678
8353,24.202182746932117
8354,24.12769455924531
8355,24.056095210112044
8356,24.01744842867276
8357,23.89574187982317
8358,23.703480069373988
8359,23.662580309801005
8360,23.609548586593817
8361,23.568533598051634
8362,23.41844052009139
8363,23.406911384144365
8364,23.412387611709015
8365,23.379169579740733
8366,23.373319828093607
8367,23.37042733175664
8368,23.214006461177778
8369,23.190687604218862
8370,23.181795143507816
8371,23.12103910294356
8372,23.09221692369096
8373,22.870520275393407
8374,22.86386065329527
8375,22.786620232463207
8376,22.8869159549188
8377,22.902070000895485
8378,22.85648563956467
8379,22.674447009820728
8380,22.825424782054938
8381,22.89004756714979
8382,22.659347469987246
8383,22.6204195189503
8384,22.417635549650452
8385,22.403592495633006
8386,22.42346630124577
8387,22.432889514533688
8388,22.39428150022251
8389,22.36879903996755
8390,22.50061161383604
8391,22.633023765584813
8392,22.704229556352175
8393,22.80883992042541
8394,22.79998459901819
8395,22.764794224531496
8396,23.00389024032341
8397,23.187489938870918
8398,23.28901181660849
8399,23.62603937517753
8400,23.91575167488145
8401,24.358900860081377
8402,24.725922903212304
8403,25.715806356976046
8404,26.560151753538104
8405,26.70289378488536
8406,26.942119823758013
8407,27.37003225282692
8408,27.319325399187324
8409,27.531530423472503
8410,27.493671096582982
8411,27.816750427733126
8412,27.62631875448784
8413,27.929560835206182
8414,28.480480684211855
8415,28.797089728105753
8416,28.794591564581612
8417,29.006005581607926
8418,29.08082499776511
8419,29.263730979444063
8420,29.438758877811942
8421,29.67979008124802
8422,30.14820563474914
8423,30.218016107583257
8424,30.734308784395378
8425,30.876500972805957
8426,31.203826057416173
8427,31.205043500962596
8428,31.28998783521171
8429,31.821401331969646
8430,32.09204605442161
8431,31.92077337482068
8432,32.17333215640449
8433,32.26329739699654
8434,32.505104600862815
8435,33.18401247495533
8436,33.02424921626921
8437,33.01821911255127
8438,32.96937304942565
8439,32.39399752612114
8440,31.697477790656464
8441,32.41721127153677
8442,32.35533129895854
8443,32.55588107135661
8444,32.68329599346701
8445,31.9917784668964
8446,32.18460292991399
8447,32.27250042955705
8448,32.51803675147854
8449,32.352349508735266
8450,31.97986216950513
8451,31.503091784962347
8452,31.55037494095905
8453,31.283903542482644
8454,31.115089700147966
8455,31.29769244281
8456,31.030270123889903
8457,30.619572200216147
8458,30.485511662209415
8459,30.37311204620405
8460,30.13459279565689
8461,29.517196036313393
8462,29.155519011912407
8463,28.813631115595154
8464,29.13857364577666
8465,28.59507327426335
8466,28.50690024404198
8467,28.333112644491088
8468,28.035499712599243
8469,27.821707729719293
8470,27.435063704228902
8471,27.21747687455771
8472,27.034598431952844
8473,27.194287403653117
8474,26.947069807939627
8475,26.77974030508486
8476,26.941237688639013
8477,26.685008208946947
8478,26.583132647996838
8479,26.415774958575266
8480,26.16352146495785
8481,25.72898024836596
8482,25.73616328080224
8483,25.667836597695185
8484,25.464328463292137
8485,25.371067060797493
8486,25.393342460501195
8487,25.378351471963853
8488,25.336949946769654
8489,25.402357856718375
8490,25.386721747285975
8491,25.45279864137589
8492,25.578614405488246
8493,25.483479942650728
8494,25.138522921820726
8495,25.059231213682622
8496,24.48762265400642
8497,24.37866241625108
8498,24.67378787268911
8499,24.53677857213514
8500,24.362993905460634
8501,24.439023706160924
8502,24.42088935641976
8503,24.099262922625197
8504,24.26079074844168
8505,24.22861087020476
8506,24.27807542700365
8507,24.265468131922113
8508,24.26143543394485
8509,24.20367371188051
8510,24.225108431413798
8511,24.273729979903905
8512,24.23470536014062
8513,24.166737241138634
8514,24.24662507919952
8515,24.091816144348773
8516,23.896719956109564
8517,23.697465032544994
8518,23.75786233285646
8519,23.82898206769534
8520,23.79770154204972
8521,23.772658515477836
8522,23.85126319302519
8523,23.824165998165928
8524,23.797838212343454
8525,23.608037291107774
8526,23.658038386888535
8527,23.579937372090917
8528,23.462019285067672
8529,23.41809219380017
8530,23.288663418180317
8531,23.45548413107808
8532,23.463330647419127
8533,23.65321222758349
8534,24.026941250737806
8535,24.190826735898536
8536,24.67972888758617
8537,25.305000458839974
8538,25.76335670767004
8539,26.35290421380709
8540,26.76391767292565
8541,28.047917594680804
8542,27.97209800524093
8543,27.930199881450477
8544,28.583455242064534
8545,29.877851758794627
8546,29.893902981815497
8547,30.435265513003763
8548,30.809464447848303
8549,30.682477085602805
8550,31.065338752316602
8551,31.10711677079482
8552,31.260844360949715
8553,31.857773348613403
8554,31.47883091963393
8555,31.790186050663337
8556,33.07570546866294
8557,33.71789984318898
8558,33.77336428158718
8559,33.749918657506626
8560,33.757550087897734
8561,34.10349605643519
8562,34.22366731884915
8563,34.75371636778215
8564,34.91841900841347
8565,34.974569808012724
8566,35.60361507404187
8567,35.86286628140834
8568,35.37853098785644
8569,35.73284815997178
8570,36.06587177082272
8571,35.3640462886314
8572,34.99681411068643
8573,35.23450688636701
8574,35.32164167436624
8575,34.90145579980387
8576,33.63825413446226
8577,33.61160127586944
8578,34.772729183691965
8579,34.394907718567225
8580,33.977356276716904
8581,33.53873072013857
8582,33.675812106715505
8583,32.5099944040674
8584,31.964168564202286
8585,32.18171941480019
8586,32.08315759350511
8587,31.583683544293507
8588,31.78122355803841
8589,30.907997729812983
8590,30.74809850890394
8591,30.610307409121475
8592,30.37231842149476
8593,30.687306731892825
8594,30.757768660105892
8595,30.668276245713134
8596,30.18326224104023
8597,30.611109984902626
8598,30.750154827846387
8599,30.62663627562666
8600,30.674368430138752
8601,30.570258185080885
8602,30.58753391383633
8603,30.29393794868078
8604,30.125941339208776
8605,29.892128962878196
8606,29.819136343751946
8607,29.62664852243813
8608,29.430129633763485
8609,29.4318402350641
8610,29.021171943557118
8611,28.504783422213297
8612,28.833227506934055
8613,27.989784634445265
8614,28.228059560275636
8615,27.72845476344802
8616,27.56734811889366
8617,27.535216561462878
8618,27.444876229839775
8619,27.364472652396106
8620,27.383993497771186
8621,27.389761482757816
8622,27.176550218688785
8623,27.238718496725085
8624,27.17320527743255
8625,27.148580877969483
8626,27.10957679219645
8627,27.22138697483604
8628,27.314729887250603
8629,27.69660646131048
8630,27.689066232300643
8631,27.60541018277057
8632,27.681413504721544
8633,27.62993616058774
8634,27.480328285806984
8635,27.459268815423908
8636,27.37646238785771
8637,27.285195654172316
8638,27.377000428470712
8639,27.25212710200946
8640,26.598089399003864
8641,26.541412288493266
8642,26.6887688921129
8643,26.70759604846446
8644,26.815715276466904
8645,26.74184517816909
8646,26.623296390142563
8647,26.45187533526559
8648,26.46354625908941
8649,26.33232433586765
8650,26.453049772054843
8651,26.36593786779858
8652,26.174487220663384
8653,26.17695853591019
8654,26.26257616559856
8655,26.34320116786429
8656,26.381037221532683
8657,26.169399889752818
8658,26.02412854438767
8659,25.65173645823019
8660,25.42257006923247
8661,24.980184886814143
8662,25.032550570949233
8663,25.000080092377324
8664,24.799506580193164
8665,24.47737628172046
8666,24.455041643824458
8667,24.307026603699214
8668,24.334432804000745
8669,24.190956761939834
8670,24.17582447322927
8671,23.94210130724072
8672,23.92824139587083
8673,23.814214876664366
8674,23.785462320732577
8675,23.84020593558453
8676,23.825160405171868
8677,23.998301798232536
8678,24.10397020861818
8679,24.22745264856945
8680,24.462611876377157
8681,24.614629012143517
8682,24.67770402874235
8683,24.643529499612605
8684,24.516453715442754
8685,24.473205020302363
8686,24.633924945704223
8687,24.529376659271996
8688,24.648154813535005
8689,24.797658194063814
8690,25.25324160688677
8691,25.09354700833769
8692,25.432993822081748
8693,25.658232676285802
8694,26.250474507665942
8695,26.22665524215823
8696,26.45762755394445
8697,26.672949525862357
8698,27.098931033223522
8699,27.695565458346547
8700,28.283573906865158
8701,28.721583829164604
8702,28.87457135165635
8703,29.105137129227703
8704,29.1319382601404
8705,29.11456111913784
8706,29.551084467528426
8707,30.63908363102439
8708,31.21340087279184
8709,31.90572276507482
8710,32.02259109684341
8711,31.409417789479043
8712,31.888009855596525
8713,31.946054423393726
8714,31.81629282628271
8715,31.973729065312945
8716,31.695756405362015
8717,32.08414122017904
8718,32.143486072785976
8719,31.862051089286176
8720,32.17514247440368
8721,31.54292505979959
8722,31.23424217846836
8723,30.949254998365987
8724,30.568944395945834
8725,29.99545936340768
8726,29.74955723489891
8727,29.49833585347609
8728,29.198669539147975
8729,29.038704880370283
8730,28.917883786004477
8731,28.542058821770528
8732,28.260209909604402
8733,27.95037191085996
8734,27.300189332209627
8735,27.322095119340275
8736,27.260734460211204
8737,27.634711502845363
8738,27.583263787945505
8739,27.570813332427207
8740,27.63563262704458
8741,27.614449350570663
8742,27.38908489362473
8743,27.41762784831644
8744,27.0799679000265
8745,27.266758647999605
8746,26.797507614801976
8747,26.607335591217826
8748,26.46748701183277
8749,26.039352924916837
8750,26.205993950753392
8751,26.21604036451794
8752,26.052860679173996
8753,25.673128595322787
8754,25.614799439489445
8755,25.570166658199447
8756,25.476570518224168
8757,25.436402998840677
8758,25.343876365430543
8759,25.11007415805571
8760,25.072940289979943
8761,24.849596149410353
8762,24.866219840094633
8763,24.561616227681228
8764,24.48562036404685
8765,24.41116854230123
8766,24.39017051643463
8767,24.4601105160979
8768,24.471065004257568
8769,24.360069070827098
8770,24.30455912173044
8771,24.177839271315538
8772,24.23523299672893
8773,24.09417752920135
8774,23.98605501111807
8775,24.108368560951334
8776,24.01410969997543
8777,24.083222945324692
8778,24.01068906221632
8779,23.97988079705055
8780,23.87579949533642
8781,23.80893391146897
8782,23.773115774193545
8783,23.918931663586548
8784,23.635125660431402
8785,23.566053169039687
8786,23.538936064567345
8787,23.562306832087884
8788,23.528897593658076
8789,23.49055393697897
8790,23.303532962580512
8791,23.286990259782424
8792,23.157154818241295
8793,23.223993793365512
8794,23.17728565057337
8795,23.185651061081153
8796,23.125827025627984
8797,23.125244545848023
8798,23.22263035292891
8799,23.252977572384065
8800,22.916871800359445
8801,22.752117390554563
8802,22.527354805996723
8803,22.574330772750066
8804,22.23026558915271
8805,22.207770774788813
8806,22.204037904388592
8807,21.912530128390667
8808,21.96595443453885
8809,21.954918813069522
8810,21.908475912852502
8811,22.020734664121974
8812,21.94302431881159
8813,21.97108072701244
8814,21.995501660797416
8815,22.125597652252758
8816,22.096819096828888
8817,22.309040999663235
8818,22.384230908228695
8819,22.493357052936222
8820,22.594083366572914
8821,22.653408137137628
8822,22.69965351322574
8823,23.092240458488835
8824,23.244368684006925
8825,23.307981496579618
8826,23.270502462529958
8827,23.36618675866871
8828,23.387704456641714
8829,23.369357207503054
8830,23.491912827008434
8831,23.542034705340463
8832,23.840262366376994
8833,23.801720924220508
8834,23.94871993275338
8835,24.0145351746319
8836,24.24115008686218
8837,24.308992551615503
8838,24.30331768559776
8839,24.498595095600418
8840,24.58829828316007
8841,24.97176225778595
8842,24.974795388092094
8843,25.074438042274924
8844,25.20566013982061
8845,25.262095233399812
8846,25.462732820681914
8847,25.43108080341393
8848,25.577720882285366
8849,25.436149941188027
8850,25.56750759441417
8851,25.45411758351314
8852,25.361892443616107
8853,25.362590553327454
8854,25.519423852322674
8855,25.852972197073417
8856,26.053006091417945
8857,26.16469380078688
8858,26.292227062526567
8859,26.401370776840544
8860,26.166303736550528
8861,26.44932543255421
8862,26.868194739346364
8863,26.864995335486423
8864,27.008389880356624
8865,27.13987739303781
8866,27.626233260160053
8867,27.717037958003804
8868,27.41147991766212
8869,28.005823340267092
8870,27.885480056427948
8871,27.578073919178934
8872,27.81110363922968
8873,27.922644232365087
8874,27.801932075642355
8875,28.006825449004147
8876,28.196269235780917
8877,28.42649225865539
8878,28.333171002656083
8879,28.373465435663967
8880,28.542794149300686
8881,28.503311370903383
8882,28.475358449384796
8883,28.775330990898308
8884,28.902880518520387
8885,29.107412512490253
8886,29.52383655353203
8887,28.98920272298518
8888,28.80820613044264
8889,28.5224197539951
8890,28.49306838523116
8891,28.2183191786187
8892,27.973492939998124
8893,27.969500584702754
8894,27.727251048571794
8895,27.562938422068303
8896,27.15559295764711
8897,27.0843821996382
8898,26.933721779090735
8899,26.97681143913124
8900,26.87647873742369
8901,26.561746344289375
8902,26.503866605566653
8903,26.276317870960124
8904,26.167754378501808
8905,26.09608979185939
8906,25.912387936142796
8907,25.91275716240888
8908,25.89570172660582
8909,25.71410369317844
8910,25.794985530771925
8911,25.679157095365508
8912,25.78398454716677
8913,25.67582961886092
8914,25.64049042463179
8915,25.733029258103624
8916,25.62126135616932
8917,25.575934108367683
8918,25.45788809159475
8919,25.67736420704274
8920,25.64118718243666
8921,25.629525650084044
8922,25.670409091192333
8923,25.48008538069426
8924,25.50512623556715
8925,25.5078435520237
8926,25.469308750293518
8927,25.509299680993777
8928,24.977799423564147
8929,24.94365601696306
8930,25.068224424596675
8931,25.195630167041976
8932,25.12713282817484
8933,25.140313295824818
8934,25.01652359379996
8935,25.078938499555356
8936,25.05955711672688
8937,25.027832300734214
8938,25.000941508939636
8939,25.044097367359242
8940,25.000983390870267
8941,24.93121862410072
8942,24.89128410389051
8943,24.908683056899516
8944,24.92787768160185
8945,24.98649666694526
8946,24.910591043720206
8947,24.943130429030457
8948,24.993614700041967
8949,25.000328567155414
8950,24.99588245011652
8951,25.058597925967042
8952,24.803570631093272
8953,25.070354940728286
8954,24.768305033079386
8955,24.834809562086306
8956,24.839137954144935
8957,24.879498333022944
8958,24.59020731959505
8959,24.520770550606073
8960,24.455818520652997
8961,24.534166803208848
8962,24.47004052426821
8963,24.576657969637008
8964,24.832035606530024
8965,25.01898537766326
8966,25.29410133355915
8967,25.424525187596675
8968,25.448968874508545
8969,25.66433234815199
8970,26.056236652486422
8971,26.213813348143447
8972,26.38209097806194
8973,26.488610255367842
8974,26.631903457248228
8975,26.72705191292726
8976,26.88181824045025
8977,27.349556929218224
8978,27.79438380785645
8979,28.11195891630818
8980,28.339630802582917
8981,28.641535111933724
8982,28.98511778846842
8983,29.655059406248235
8984,29.993459078724246
8985,30.311482357173293
8986,30.890025584616946
8987,30.932683149678855
8988,31.468381655722755
8989,32.35723577273014
8990,31.994233910717465
8991,32.09968105027396
8992,32.094262893514646
8993,32.78412312850119
8994,33.25399205451076
8995,33.599159668874236
8996,34.69200662605977
8997,35.13678551088536
8998,35.856318431583595
8999,35.972356152643066
9000,36.12013555783882
9001,36.02431018786085
9002,36.50565645594622
9003,36.41760276084341
9004,36.277923869622285
9005,36.84054146217978
9006,37.29165356174535
9007,36.64685601011497
9008,37.10105730033709
9009,37.043102554365895
9010,37.66705926376428
9011,37.531113504219
9012,37.04740720579116
9013,36.9158459893534
9014,36.59059171203933
9015,36.352789740852444
9016,35.362133015649576
9017,35.40986141826872
9018,34.968014726175646
9019,34.84001046920776
9020,34.6596105442771
9021,34.929122201831184
9022,34.74064551133477
9023,34.64839785024201
9024,34.86332839221548
9025,34.41900173161535
9026,34.51281497007577
9027,34.087504703288005
9028,33.84416627550008
9029,34.24850641500015
9030,34.026754198066186
9031,33.760806996515285
9032,33.602936478176964
9033,33.34475535554889
9034,32.88117027328428
9035,32.3056985679872
9036,32.047821838130936
9037,31.88417164836426
9038,31.7768019463891
9039,31.597506054954412
9040,31.173180573003222
9041,30.687020967020274
9042,29.88634665778437
9043,29.51759605402134
9044,29.4140876848095
9045,29.22978809715091
9046,29.04202927504112
9047,28.92904754165492
9048,28.7708711294458
9049,28.484124675735867
9050,28.10099568116349
9051,27.88355501508266
9052,27.869526797255595
9053,27.772480714839705
9054,27.662637741276566
9055,27.307289159865807
9056,27.161986533558217
9057,26.952296286002287
9058,26.832193275658447
9059,26.888134430853167
9060,26.674426121799595
9061,26.488497274947417
9062,26.49792651998494
9063,26.52031390663406
9064,26.37424524410478
9065,26.21382703768541
9066,26.263183842311214
9067,26.200592064460878
9068,26.318806191497476
9069,26.32110055166528
9070,26.400053899218065
9071,26.384131593787302
9072,25.899251702805937
9073,25.84787569051658
9074,25.832077400862254
9075,25.857074745496604
9076,25.87949199934932
9077,25.861298308875693
9078,25.703372890970794
9079,25.9000706447775
9080,25.911327971911295
9081,25.88605732741233
9082,25.934163941414827
9083,25.931075902195406
9084,25.872967474949267
9085,25.913865220894028
9086,25.882166396983074
9087,25.897962685095283
9088,25.90064925279684
9089,25.7232181214593
9090,25.9754465063524
9091,25.986927859656547
9092,25.850562664620767
9093,25.900846452547956
9094,25.875831524220345
9095,25.91831507156562
9096,25.954158516769986
9097,25.9673917777217
9098,26.075963822542487
9099,25.937893633897097
9100,25.96874984332607
9101,25.971352986186485
9102,25.89527249386794
9103,25.92862336192169
9104,25.84937538964056
9105,25.804500260767583
9106,25.787076628918637
9107,25.94912917514961
9108,26.20750385709839
9109,26.323623401365122
9110,26.64887476781997
9111,26.58705212401067
9112,26.508684599121526
9113,26.616757687234184
9114,26.969962269833452
9115,27.18003257148132
9116,27.352913031345928
9117,27.66151893196313
9118,27.741957392112283
9119,28.21467798579603
9120,27.879128969872042
9121,28.348370643437676
9122,28.73772637368635
9123,28.86637707364558
9124,28.90977770942827
9125,29.53135792299184
9126,29.518753206801573
9127,29.92792939310664
9128,30.308945374757187
9129,30.380331194352998
9130,31.241128599711548
9131,32.004873735143114
9132,32.79273240157417
9133,33.15308850063391
9134,33.61121977402494
9135,33.93748825485112
9136,35.640000340380524
9137,34.86790737995593
9138,35.58322877758342
9139,35.981145971737455
9140,36.99422835927286
9141,38.12524813609189
9142,39.01147748999918
9143,39.03355175321906
9144,38.71811458725953
9145,38.65766020670624
9146,38.56644398695021
9147,39.08934187742871
9148,38.92115964146746
9149,38.922859398637286
9150,38.73214611311302
9151,38.54921335700291
9152,38.66568812223058
9153,38.99960085002093
9154,38.924665883951306
9155,38.76400331096841
9156,37.667732622058935
9157,36.878676324809064
9158,36.82176341267346
9159,36.194531629766786
9160,36.19733618954708
9161,35.565476149644084
9162,35.38544113234515
9163,35.0072695113351
9164,34.9150600064769
9165,34.83273234664382
9166,34.95124149568235
9167,35.24566550172042
9168,35.155735737354426
9169,35.10280889695808
9170,34.92447597751985
9171,34.7122545888345
9172,34.29984118142326
9173,34.41710364076491
9174,34.104882656432316
9175,33.82405328726406
9176,33.06666192119223
9177,32.62844330220328
9178,32.63966163971416
9179,32.358558581013455
9180,32.21016797402915
9181,32.01337188916615
9182,31.735249811231924
9183,31.570790497180724
9184,31.131607453779672
9185,30.995351828928325
9186,30.641381505927157
9187,30.50242766226656
9188,30.202523930774205
9189,29.972034388150377
9190,29.670526750654815
9191,29.535339405293037
9192,29.460368587727825
9193,29.052818713215288
9194,28.787261524451107
9195,28.791384663755306
9196,28.887794523577956
9197,28.76483543717804
9198,28.746119872038516
9199,28.707184562733232
9200,28.519305122461756
9201,28.4797840738156
9202,28.242271082791632
9203,28.13609486026338
9204,27.968938086731413
9205,27.84828115191725
9206,27.877011519359282
9207,27.704902677656396
9208,27.74339631475507
9209,27.38192106161922
9210,27.338473496335876
9211,27.496264172962153
9212,27.61705537352726
9213,27.366628558997764
9214,27.30386368875842
9215,27.22494706394937
9216,26.729497982764553
9217,26.709750600219568
9218,26.623106975041196
9219,26.69792126075113
9220,26.51227153477175
9221,26.45411827146702
9222,26.371090417459833
9223,26.609313820305726
9224,26.36216537008036
9225,26.718027115289257
9226,26.737325368337633
9227,26.624894616145628
9228,26.578130158847692
9229,26.438023348751415
9230,26.279117945201094
9231,26.28638552687918
9232,26.250196773565303
9233,26.3095381149074
9234,26.237254087657117
9235,26.33462439114919
9236,26.436245739705047
9237,26.390203668061034
9238,26.024455369761046
9239,26.042564924551336
9240,25.82486390640893
9241,25.591395751906738
9242,25.520931296929014
9243,25.332893370835308
9244,25.443170967861025
9245,25.389475723494478
9246,25.431077761694578
9247,25.41105103456196
9248,25.236016075236638
9249,25.104121635869507
9250,25.099373137634714
9251,25.201228731861363
9252,25.150973895092903
9253,25.247940883518847
9254,25.470477925500774
9255,25.282409833238763
9256,25.529988878914953
9257,25.88417505639646
9258,25.818840108100506
9259,25.9698272191291
9260,26.104799080443904
9261,26.19082064496376
9262,26.605755439098207
9263,26.94502160462495
9264,26.769630844538376
9265,26.854102427425577
9266,27.048512013257945
9267,27.506730562515664
9268,27.647276085141257
9269,27.67433782387574
9270,27.870367587269516
9271,27.989509767058284
9272,28.336000731217986
9273,28.43096159218021
9274,28.808057897187474
9275,29.0949956599967
9276,29.602069569064916
9277,30.352833374681992
9278,30.905399556003612
9279,31.177270031470997
9280,31.210872371864298
9281,31.43166663467843
9282,31.786941019003063
9283,31.441568706460608
9284,31.51873814572284
9285,31.983827752626762
9286,32.07910327749787
9287,32.69648448116376
9288,32.222783166780616
9289,31.881789357523463
9290,31.797390652111346
9291,31.67120135096077
9292,31.63410642258846
9293,32.50998806654505
9294,32.443062804900464
9295,32.01780779954495
9296,33.24305046326091
9297,32.30345162569279
9298,32.042143999080544
9299,32.54605207768557
9300,32.612898797605176
9301,32.419648906178885
9302,33.03125072611396
9303,32.586619960040245
9304,31.88723186200756
9305,31.98259691285957
9306,31.29276581712082
9307,30.645249472111168
9308,30.47712851352399
9309,30.829989623737113
9310,31.380845594464997
9311,31.05172270694303
9312,30.329402699208444
9313,30.20692105489855
9314,29.76417233102841
9315,29.758300843552714
9316,29.72219328830195
9317,29.86230234732369
9318,29.965320875431686
9319,30.14885520870223
9320,30.32677092426178
9321,30.253208594460336
9322,30.05947603391973
9323,30.158227588791814
9324,30.09386859214314
9325,30.136168513257992
9326,29.832386197762823
9327,29.549223020678422
9328,29.192047765948185
9329,29.283650794868134
9330,28.8229116302477
9331,28.775883701890496
9332,28.78996166970024
9333,28.719576663129388
9334,28.57766521051687
9335,28.428701307837013
9336,28.361145294112138
9337,28.132251652409597
9338,28.017546785189786
9339,28.12332554951553
9340,28.01734508261916
9341,28.04259799709775
9342,28.05293091036979
9343,27.922425897151097
9344,27.950425469849446
9345,27.646460558842815
9346,27.505089660228034
9347,27.510116196020494
9348,27.228471680033994
9349,27.265024484890763
9350,27.279486737759864
9351,27.467047641766776
9352,27.45355254690408
9353,27.265922424610146
9354,27.07518340117803
9355,27.044081367375995
9356,27.249109921139397
9357,27.0487307563869
9358,26.86755540991674
9359,26.88472823127293
9360,26.293725821963406
9361,26.285089131747462
9362,26.082742522656606
9363,26.16790454593402
9364,26.028345502826184
9365,26.151787052134317
9366,25.830213966860363
9367,25.759824879526434
9368,25.644850634033492
9369,25.699492689802426
9370,25.80049955051154
9371,25.497653771950723
9372,25.18776529553086
9373,25.103174057341413
9374,24.844773753588097
9375,24.690289889256427
9376,24.875877582300305
9377,24.724428034811925
9378,24.68199006165071
9379,24.84460778583345
9380,24.590665655905283
9381,24.567732912707502
9382,24.785459102270373
9383,24.69099427956931
9384,24.792446467649103
9385,24.705566763725518
9386,24.64906013764605
9387,24.617661125445174
9388,24.633034140914425
9389,24.49744427330563
9390,24.620549549077687
9391,24.654968838476822
9392,24.594291344585677
9393,24.7144160633266
9394,24.71828400084878
9395,24.62715238534472
9396,24.865492035291222
9397,24.822823442655324
9398,25.058726156452394
9399,24.931926926775056
9400,24.871970738763494
9401,24.91538480300511
9402,25.10916337519644
9403,25.306279310449977
9404,25.38476746803744
9405,25.31558942789415
9406,25.34419580211943
9407,25.296948835756428
9408,25.23619023176729
9409,25.29453196177836
9410,25.225662841086418
9411,25.185726338726283
9412,25.39580461942266
9413,25.328710025056782
9414,25.521071237787325
9415,25.266860779943276
9416,25.411990419091865
9417,25.509397419485992
9418,25.70459544386536
9419,25.773695728567226
9420,25.87180853538302
9421,26.003983781792606
9422,26.040537347375647
9423,25.72277205382255
9424,25.934632929658502
9425,26.193339809739356
9426,26.39019090547793
9427,26.352587492631226
9428,26.37152323811001
9429,26.33508877145683
9430,26.380490327074366
9431,26.323751498579536
9432,26.443287131755184
9433,26.506886107577277
9434,26.51507066463019
9435,26.737120164858844
9436,26.560500326680486
9437,26.71214179174594
9438,27.288565602689925
9439,26.859466690219634
9440,27.075247645514924
9441,27.509506529467853
9442,27.42238658277462
9443,27.801655304883415
9444,27.662333877941258
9445,27.825471100649718
9446,27.552824668828443
9447,27.335937517343023
9448,27.13396960157509
9449,27.309762688910517
9450,26.93411036927685
9451,27.325662441947614
9452,27.319990308891054
9453,27.44565826346488
9454,27.57316163414123
9455,27.683968383553143
9456,27.49019890052992
9457,27.64889054637416
9458,27.829862659030674
9459,27.885123648021185
9460,27.772288371913458
9461,27.331654966153646
9462,27.17023915332275
9463,27.006280704509038
9464,26.98570974923925
9465,26.65992902227296
9466,26.70371160933327
9467,26.706994289651078
9468,26.218214028909223
9469,26.1615556170796
9470,26.111928676250546
9471,26.152604242912133
9472,26.06380822751843
9473,26.050240903063912
9474,26.118439729866036
9475,26.11101296462048
9476,26.109529460560385
9477,25.819028813277022
9478,25.549680030936976
9479,25.55757713263261
9480,25.551331233806597
9481,25.294563896525542
9482,25.386780841820674
9483,25.220895412001305
9484,25.288200334457628
9485,25.213629686199205
9486,25.294256969769627
9487,25.265165618196622
9488,25.323665014206473
9489,25.254169895476593
9490,25.393612901824074
9491,25.352690476184584
9492,25.34845870099146
9493,25.309193753304644
9494,25.334440134694635
9495,25.38922416720478
9496,25.409893624686994
9497,25.385006226110544
9498,25.375450720809262
9499,25.327919531313093
9500,25.35146652824287
9501,25.46677821333707
9502,25.392782236615375
9503,25.463775832952273
9504,25.418073026336995
9505,25.453614805848773
9506,25.47868706497712
9507,25.407660259990408
9508,25.431446031704663
9509,25.408947420445056
9510,25.256270932594937
9511,25.25325203283033
9512,25.3963461683152
9513,25.383023245440025
9514,25.452942939122696
9515,25.450377958279255
9516,25.469102283032385
9517,25.5076050726812
9518,25.689443537532714
9519,25.46047876977778
9520,25.50071942864322
9521,25.52471081386524
9522,25.487246801452283
9523,25.451786283974844
9524,25.45899364136941
9525,25.323977664228135
9526,25.416297686819576
9527,25.38185779343859
9528,25.396692467355034
9529,25.241365581288516
9530,25.301163324784213
9531,25.290448312241026
9532,25.367058181188995
9533,25.351145992990002
9534,25.372224863410217
9535,25.26010121531825
9536,25.2048577039518
9537,25.23393353667582
9538,25.21826963084778
9539,25.363424925030152
9540,25.340874177874856
9541,25.505210309036684
9542,25.666017707239803
9543,25.574831768130327
9544,25.67698976167693
9545,25.822806592968085
9546,25.9000237398561
9547,26.193778221257713
9548,26.88187433322816
9549,27.312263931449667
9550,27.656447729951264
9551,27.785377303410886
9552,27.755464012929224
9553,28.36210755111615
9554,28.549252387439267
9555,28.794941126990995
9556,29.342179374466667
9557,29.716197196796717
9558,30.503642424742928
9559,30.80397047970617
9560,30.60019051203482
9561,30.781602415724223
9562,30.763469835673256
9563,31.04420951617013
9564,31.444191642799826
9565,31.472763048372922
9566,31.790569410069352
9567,31.368821947148977
9568,31.600415043485608
9569,31.824539361255336
9570,31.478118384177947
9571,31.799332616686225
9572,31.69303668692787
9573,31.894668312899725
9574,31.805816466574917
9575,31.76892791290608
9576,31.88315042533798
9577,31.9146679520531
9578,32.7580576448012
9579,33.11329040268691
9580,32.830718645544444
9581,32.86844499893691
9582,32.72528531788412
9583,32.11102967276663
9584,32.176259586237805
9585,31.256589140037345
9586,30.54548948505166
9587,30.191462585302325
9588,29.327450302109263
9589,29.16668322524522
9590,28.875719495220125
9591,28.408730367825644
9592,28.21518007342151
9593,28.110578283524163
9594,27.834282360448203
9595,27.347329973985797
9596,27.429710330811123
9597,27.076232201685748
9598,26.874912251860152
9599,26.58344913935979
9600,26.354497137836233
9601,26.46424237804567
9602,26.45644261378867
9603,26.470136279535385
9604,26.584429226131903
9605,26.714802765022412
9606,26.800990169761253
9607,26.846253878322443
9608,26.967711709661724
9609,27.047433079084243
9610,27.18334524083112
9611,26.899485996046568
9612,26.618860003573644
9613,26.822312295888725
9614,26.85551245863724
9615,26.68235962379215
9616,26.49923529222728
9617,26.555066303465352
9618,26.451285766393674
9619,26.450340269118975
9620,26.204293419208657
9621,26.19584506694348
9622,26.291320629293864
9623,26.16677681075022
9624,26.157390094334154
9625,26.066399085206026
9626,26.065559796221326
9627,26.058712003917876
9628,25.941595940125744
9629,25.859962749026813
9630,25.921362442488824
9631,25.9355666709876
9632,25.999074654209302
9633,26.040146252444508
9634,26.065945888010216
9635,26.055231020723056
9636,26.128961352829783
9637,26.083308103004306
9638,26.129384308998883
9639,26.05140429703694
9640,26.006606786798084
9641,26.024696687345745
9642,25.971737101484408
9643,26.005050876096576
9644,25.966169632367457
9645,25.872752748950337
9646,26.00891579493628
9647,25.963998484992004
9648,25.27757065305483
9649,25.284341165403877
9650,25.217960184109163
9651,25.23568507860121
9652,25.18294540751275
9653,25.15790848017569
9654,25.078796458434052
9655,25.017745685991144
9656,24.968202077413473
9657,24.905286896570132
9658,24.806463497577266
9659,24.837818641984093
9660,24.77137029293252
9661,24.678152067571574
9662,24.63447777830042
9663,24.595125811746477
9664,24.547721922783857
9665,24.518675170737666
9666,24.57309442572732
9667,24.550686659567088
9668,24.580669544892352
9669,24.50971774109408
9670,24.51392609178418
9671,24.517967812515764
9672,24.58359844219756
9673,24.643987352420876
9674,24.371293814226966
9675,24.3450085758084
9676,24.449667788040966
9677,24.47190083674108
9678,24.533260085278762
9679,24.44473973388413
9680,24.445058621462156
9681,24.480112917903167
9682,24.450861607771802
9683,24.528370971045682
9684,24.587389611043243
9685,24.59271823451189
9686,24.748014026230862
9687,24.848894491838383
9688,24.90713488336476
9689,25.223907610890468
9690,25.33190659723093
9691,25.87018711047501
9692,26.277568493769138
9693,26.81073249515652
9694,27.345072682736173
9695,27.815933137155728
9696,27.834524953913302
9697,27.99239121519615
9698,28.402603162191774
9699,28.559488456654446
9700,29.04181950976318
9701,29.735990863419122
9702,30.125364090966304
9703,30.30689408085863
9704,30.79386657144397
9705,30.80832915642582
9706,31.106196301386056
9707,31.4142940030617
9708,33.114038283045105
9709,33.54392080647615
9710,34.12574574877772
9711,33.76003154648355
9712,34.17608353165841
9713,34.80563111316082
9714,34.916265036731325
9715,35.03549132550667
9716,35.577265271094944
9717,35.3213601387009
9718,35.72996246056228
9719,35.4879291122127
9720,36.20147339615806
9721,35.92350151052769
9722,37.10717440722371
9723,36.579238058964314
9724,35.819464881212554
9725,35.50142814962454
9726,35.211466949689175
9727,35.19581781713628
9728,35.461498495776084
9729,35.031884043915
9730,34.964392255807944
9731,35.14453911366926
9732,34.82841183554506
9733,34.52296034441123
9734,33.96004201473576
9735,33.280544131182445
9736,33.26888407045288
9737,33.73195342128811
9738,33.948394786698834
9739,33.72993121747112
9740,33.91982479946739
9741,33.63784458924525
9742,33.54648967764594
9743,33.17295835275435
9744,32.63904619660379
9745,32.459974572516245
9746,31.782896360064754
9747,31.558414151980067
9748,31.491805943286643
9749,31.216982109946795
9750,30.73465606103592
9751,30.22398511713143
9752,30.096017118635245
9753,30.029222883678194
9754,30.211212440370566
9755,30.093199355775674
9756,29.822945399172156
9757,29.667430792674
9758,29.48866155899624
9759,29.45668286469996
9760,28.957388340628768
9761,28.708790977125638
9762,28.631993594451426
9763,28.642228048643034
9764,28.471988982205705
9765,28.363327774429656
9766,27.80902598587706
9767,27.74682999433386
9768,27.598377209457826
9769,27.473640500077575
9770,26.6809353692597
9771,26.17248928667266
9772,26.439986113665867
9773,26.36001561247394
9774,26.219495325487912
9775,26.11676207183437
9776,26.07870907234195
9777,26.080862915503086
9778,26.07314107098697
9779,25.93200403419461
9780,26.000810767258155
9781,26.054507972746336
9782,25.941723066119703
9783,25.899389517457585
9784,26.016406454979133
9785,25.85344334643399
9786,25.872368553280086
9787,25.90051804435546
9788,25.861932471519992
9789,25.821699956400273
9790,25.79226566224256
9791,25.794480839526795
9792,25.317122309091552
9793,25.29233326343161
9794,25.29851353408816
9795,25.37644264050932
9796,25.362961520609776
9797,25.327470277221593
9798,25.168139133688694
9799,25.194517880915384
9800,25.220947152563586
9801,25.204901474531706
9802,25.1526657641217
9803,25.20000171741558
9804,25.200926537840846
9805,25.204759769670297
9806,25.176409383565883
9807,25.173746097363814
9808,25.112341209775504
9809,25.19446477793519
9810,25.310523429754813
9811,25.28283485763214
9812,25.192471054354325
9813,25.25406426678644
9814,25.252516896618737
9815,25.28366618232936
9816,25.29720531326503
9817,25.303936053954278
9818,25.339415236128826
9819,25.34263641286269
9820,25.43021183114983
9821,25.45777983130444
9822,25.395493557782956
9823,25.41690635595819
9824,25.313962771893376
9825,25.19141199238747
9826,25.25486766741925
9827,25.370624657376606
9828,25.698547149372946
9829,25.775098286694313
9830,25.978135728755802
9831,25.93451203583487
9832,25.89493968631397
9833,25.96426648129924
9834,26.072321986281935
9835,26.38563040203418
9836,26.557301261263223
9837,26.870576431356657
9838,27.186680549319032
9839,27.099277272748157
9840,26.88619688472975
9841,26.873969452066213
9842,27.059231754223564
9843,27.67718082103453
9844,28.521636301507048
9845,28.7544831205303
9846,29.104160714851083
9847,29.12354393335438
9848,29.327786092752394
9849,29.4904938229254
9850,29.880208447582167
9851,29.951774436515148
9852,29.689405018961658
9853,29.870587382943047
9854,29.761589825892575
9855,30.193361357970236
9856,30.88691586923545
9857,30.876991536830076
9858,31.142855056492184
9859,30.566040470134315
9860,30.339842522901513
9861,29.443431948963095
9862,29.1331624715525
9863,27.6154356064999
9864,26.872657623984864
9865,26.52217379237147
9866,26.404797626327284
9867,25.845350974179265
9868,25.710839767916188
9869,25.941084065341354
9870,25.876606272641542
9871,25.5936029492102
9872,25.72134294120599
9873,25.874300101014846
9874,25.988063943495373
9875,26.19619660023623
9876,26.307484005360156
9877,26.572716065144206
9878,26.841576809675
9879,26.448418420600127
9880,26.475305020152312
9881,26.654430426598303
9882,26.3394340089554
9883,26.650841987478717
9884,26.692346923364525
9885,26.827085381783903
9886,27.234781956632446
9887,27.543004449787148
9888,27.601390167365263
9889,28.020262105530517
9890,28.17789679627329
9891,28.392771350748657
9892,28.947734254955332
9893,28.48606460853555
9894,28.65767668214763
9895,28.752116401435643
9896,28.72771961749478
9897,28.754502221644497
9898,29.016317869861343
9899,28.90768358977438
9900,28.978897440524726
9901,28.81391329468932
9902,28.950678372529087
9903,28.82519594142359
9904,28.64561418348121
9905,28.704668313893453
9906,28.52600793756969
9907,28.660396650213166
9908,28.21782359374505
9909,28.041898856940943
9910,27.35669391973685
9911,27.146913298732027
9912,26.9827187235774
9913,27.178453975320043
9914,27.085601778188874
9915,26.581665287437783
9916,26.60382407782315
9917,26.449073381962595
9918,26.413679764267837
9919,26.383247992862394
9920,26.26810316771705
9921,26.17335513761531
9922,26.191790258547357
9923,26.158674982724875
9924,26.15942382865472
9925,26.457983844720555
9926,26.450917419210615
9927,26.390683363545488
9928,26.46721698959845
9929,26.2769192199591
9930,26.231304411497163
9931,26.18348715963304
9932,26.166330029821484
9933,26.09250101726317
9934,25.805751728767945
9935,25.708411937846073
9936,24.933178797143615
9937,24.94395774102109
9938,24.736401647063847
9939,24.57037324829409
9940,24.484119071840446
9941,24.402711251713317
9942,24.154623940129646
9943,24.16424947811333
9944,24.15937216578237
9945,24.197959668221298
9946,24.208239888025307
9947,24.10670841909489
9948,23.992255396024355
9949,23.999531686894993
9950,24.019549176404148
9951,23.98948988219068
9952,23.990487797105555
9953,24.145383821660563
9954,24.163102870500428
9955,24.208135721448265
9956,24.008755965675658
9957,23.952587462399517
9958,23.719876953160192
9959,23.785739663690794
9960,23.682182132321483
9961,23.6168794887787
9962,23.520038870617004
9963,23.62639115376045
9964,23.600558817442696
9965,23.527204992196687
9966,23.608763858575887
9967,23.596469589834737
9968,23.57302897443856
9969,23.564526681764793
9970,23.49910797896952
9971,23.616031349385647
9972,23.795304542100883
9973,23.777030896934086
9974,24.075412597088025
9975,24.143457346100934
9976,24.405580961570735
9977,25.00179523751268
9978,25.407970580930606
9979,25.39807728712013
9980,26.0243155829898
9981,26.607572734799227
9982,27.494717251346604
9983,27.992577085280715
9984,28.16539881415575
9985,28.560730670847107
9986,28.91681451934807
9987,29.6232520122066
9988,30.172565618770303
9989,31.30301144286276
9990,31.759485904614312
9991,32.496217646635074
9992,33.03882527794513
9993,33.79624875465305
9994,34.27322352877879
9995,36.195969728704156
9996,36.87463936982381
9997,37.030101933559386
9998,37.66068545396238
9999,38.30782986806317
10000,38.696105743644196
10001,38.82985203454896
10002,39.00407996427367
10003,39.859296535363676
10004,40.17960628014366
10005,39.94327612249819
10006,39.95532655849723
10007,39.38216193608459
10008,39.041744562827965
10009,38.823775234302914
10010,39.30672503677097
10011,39.234016189575016
10012,38.56258306176635
10013,38.373735520977505
10014,38.3961524828248
10015,38.25786566828924
10016,38.299655049191074
10017,37.845628907434424
10018,37.890067025846186
10019,37.57075307490173
10020,36.933182540279304
10021,37.32865042214226
10022,36.718168413425644
10023,36.22336410605119
10024,35.80875849602751
10025,36.064364528966145
10026,35.59567974293589
10027,35.578691406409696
10028,35.15932674787466
10029,35.118064815634696
10030,35.13052695323314
10031,34.37332399880449
10032,34.23970980107881
10033,34.60700823654599
10034,34.15970784007072
10035,34.09561778098419
10036,33.7705081675623
10037,33.514617325987075
10038,32.8198964907047
10039,32.81919518120489
10040,32.633248184257404
10041,32.59409463162947
10042,32.353693962029965
10043,32.15023055697941
10044,31.98987364842124
10045,31.65738762982004
10046,31.715734004631315
10047,31.52702089498805
10048,31.26829627293646
10049,31.077713584101108
10050,30.808448249083586
10051,30.601386558434736
10052,30.155352439223506
10053,29.84099569071563
10054,29.456215592381586
10055,29.31780819053429
10056,28.962972542031977
10057,28.603038691913458
10058,28.43712250851547
10059,28.639099116405887
10060,28.5020693827722
10061,28.345429715462892
10062,28.080222312721567
10063,28.004087290828338
10064,27.972228367239257
10065,27.917061723367727
10066,27.911191845348867
10067,27.900733408638338
10068,27.938320979786067
10069,27.8251407234241
10070,27.854753931471524
10071,27.975643850562548
10072,28.005138814763495
10073,27.575171592859252
10074,27.365030660317586
10075,27.616614292805554
10076,27.60255311081472
10077,27.694452151867637
10078,27.644468904851163
10079,27.63781957417613
10080,26.859760964003012
10081,26.657097579877448
10082,26.30301986803061
10083,26.333846988691423
10084,26.341350023451106
10085,26.183587800191802
10086,26.163681550095685
10087,26.152673553215248
10088,26.11316508526725
10089,26.008044114822606
10090,26.053637287295402
10091,25.90992963116189
10092,26.12381944185957
10093,26.11724668472264
10094,25.98340596029546
10095,26.02400635519438
10096,25.90987645082897
10097,25.943385663749698
10098,26.03181235029449
10099,25.978551778398757
10100,26.044077977299104
10101,26.0537431725291
10102,25.99958790731109
10103,26.060979123416963
10104,26.10414063573281
10105,25.983097661018274
10106,26.055003885769374
10107,26.131007037051887
10108,26.06341414869555
10109,26.06096456016783
10110,26.085207942935558
10111,26.047550570769264
10112,26.02253845849486
10113,26.061085864192258
10114,26.084388035220353
10115,26.07143491043706
10116,26.27104583643927
10117,26.451735036637608
10118,26.782419928199918
10119,26.76645108060279
10120,27.039803232554874
10121,27.196289795177847
10122,27.473946897131118
10123,27.445382483985753
10124,27.672781618036137
10125,28.09833439947291
10126,28.153018803318545
10127,28.675054420526788
10128,28.7631328591413
10129,29.74476570883634
10130,30.33351971001809
10131,30.809340850707024
10132,30.97492249068534
10133,31.761950492957233
10134,31.79456985281208
10135,32.66443021844313
10136,32.603103835050575
10137,32.90547184008431
10138,33.547422945534926
10139,33.49983646238219
10140,33.830456399225135
10141,33.502227758815145
10142,33.850020373472724
10143,34.196322345391344
10144,34.86343417490757
10145,35.85476336693861
10146,36.16562862594598
10147,36.21805337651557
10148,36.85044331195063
10149,37.04797726502986
10150,37.59817682229664
10151,38.35302618169861
10152,37.9185741736829
10153,38.40915982497488
10154,38.349649626757355
10155,38.6222304689184
10156,38.63752727764825
10157,38.93706463351206
10158,39.047137183821434
10159,38.56171427405026
10160,38.47109166329053
10161,38.40090775400334
10162,38.37181497093771
10163,36.69613837083805
10164,37.689490305226684
10165,37.03358385396304
10166,36.922334098106944
10167,36.35570627000907
10168,35.5423613358689
10169,35.84589588746466
10170,35.31281712186775
10171,35.1651059594141
10172,35.118962830655924
10173,35.12157362743855
10174,35.42117386128641
10175,35.31784419693632
10176,35.2115835744794
10177,35.38210314353138
10178,34.983659774850906
10179,35.023782701481124
10180,34.915948787286816
10181,34.33277752675936
10182,33.54566779497723
10183,33.41150602416542
10184,33.53723126069924
10185,33.35501786870694
10186,32.66687173999254
10187,32.4536288336284
10188,32.28972490220543
10189,32.22195044495811
10190,32.196605734525406
10191,31.73453502414813
10192,31.367389758788264
10193,31.193555550242106
10194,30.7565897608648
10195,30.61817974747335
10196,30.308375434107745
10197,29.851115725681524
10198,29.642849388307184
10199,29.447064589401936
10200,29.304472104432666
10201,29.143993603185244
10202,29.009330031197727
10203,28.861246961146282
10204,28.80790249711718
10205,28.90803376643284
10206,28.805143255263843
10207,28.84994027677884
10208,28.688971069430863
10209,28.617038428298716
10210,28.592770043859204
10211,28.588824080269777
10212,28.55659324903345
10213,28.51164571867542
10214,28.484927319471648
10215,28.25562916930215
10216,28.075327939962335
10217,28.058859934771448
10218,28.0702009306687
10219,28.06422971295605
10220,28.05222708536929
10221,28.049639810093783
10222,28.091652602330395
10223,28.09410597350099
10224,27.735755174222273
10225,27.599318554916238
10226,27.438788067815764
10227,27.49067406181552
10228,27.494334870642827
10229,27.46454752541803
10230,27.397352843189655
10231,27.082862992494785
10232,27.09106393780625
10233,27.114130943993356
10234,27.05820370177192
10235,27.018168866045425
10236,27.06224812908465
10237,27.447010669282097
10238,27.51039981322405
10239,27.418867895844013
10240,27.38862556195444
10241,27.546894651835345
10242,27.698642706831386
10243,27.5309182846995
10244,27.168798350192034
10245,27.216053249990953
10246,27.244519069837107
10247,27.268218511818702
10248,27.184138417241225
10249,27.101241036019314
10250,27.215366583285515
10251,27.189521391261582
10252,27.470733424280958
10253,27.342758504948893
10254,27.26529791211526
10255,27.179501456031844
10256,27.03459549775999
10257,27.043132397972496
10258,26.968351549056703
10259,27.02094421838875
10260,27.285853943724007
10261,27.29388916301272
10262,27.51608460010843
10263,27.517855738856866
10264,27.79381466593322
10265,27.8065754467029
10266,28.442287423579042
10267,29.41722215067268
10268,29.88633643401052
10269,30.413777828284946
10270,31.08069028889222
10271,31.57036643497271
10272,31.74756393320414
10273,31.64550593228452
10274,32.124838649045174
10275,32.05181599857116
10276,32.60874800605478
10277,31.99286490312875
10278,32.279925454155325
10279,32.99750327681782
10280,33.42602946217307
10281,33.6501508571047
10282,33.64023582257489
10283,35.216686097879
10284,34.629923109965254
10285,34.92790004308659
10286,35.37822748299956
10287,35.287813737289255
10288,34.73949241794607
10289,34.98978054382743
10290,35.09845617919435
10291,35.836865672938444
10292,35.92010457864546
10293,36.473563507511095
10294,37.8923728883804
10295,37.93664684361667
10296,37.39004471611443
10297,38.027528105229216
10298,37.218296229258364
10299,37.51313005028371
10300,37.15517554524276
10301,37.76613602149669
10302,37.07686717939916
10303,36.96590619621781
10304,37.15123887986771
10305,36.345935030618
10306,36.72199852972681
10307,36.57547255506432
10308,36.15259205057842
10309,36.3364695518338
10310,36.111161930774834
10311,35.33486051266857
10312,35.23340357749375
10313,35.56011882721608
10314,34.95068692353569
10315,34.27415622718006
10316,34.39650274975069
10317,34.20332010357785
10318,34.600200304342195
10319,33.88198126463352
10320,33.989510554155274
10321,34.03057034986901
10322,33.85658631184343
10323,33.55803011655383
10324,33.67416258916267
10325,33.29885382014109
10326,32.917152693435234
10327,33.050758385173815
10328,32.75127924843455
10329,32.62683701553777
10330,32.54984451795037
10331,32.32416702312066
10332,32.20134885772409
10333,32.08732337525111
10334,31.980188978584476
10335,31.71949821573158
10336,31.41932772921116
10337,31.227033107716988
10338,30.674020234274657
10339,30.362383009314545
10340,30.12405957758164
10341,29.498815778794302
10342,29.257127681384727
10343,29.151006360376964
10344,28.951572343175442
10345,28.788638883774976
10346,28.75984073917797
10347,28.715199889803216
10348,28.471411758807715
10349,28.288679143467704
10350,28.14373473089894
10351,28.070537998787497
10352,27.886241765517717
10353,27.355238565987595
10354,27.359143001030308
10355,27.36031017416941
10356,27.335085783248392
10357,27.27529904118448
10358,27.205255576259177
10359,27.28282115780164
10360,27.17940174743385
10361,27.226274987565652
10362,27.310211035882187
10363,27.22989816039527
10364,27.35966341341537
10365,27.315414743890553
10366,27.126409607434386
10367,27.12254788489285
10368,26.598193424688894
10369,26.546842599344725
10370,26.6114478337793
10371,26.43957240567122
10372,26.41927066399983
10373,26.424591773109427
10374,26.28273677347266
10375,26.403819629578766
10376,26.391640491172197
10377,26.270555421593862
10378,26.15533079440228
10379,26.122454822629486
10380,25.957565294421354
10381,25.816213164078388
10382,25.96018910711412
10383,25.558959757295362
10384,25.697210364528676
10385,25.718399203981154
10386,25.707248259991648
10387,25.469092930628268
10388,25.534374677187543
10389,25.54068861964548
10390,25.520868505430087
10391,25.495591438558407
10392,25.519145317867057
10393,25.608715808507863
10394,25.51380891803454
10395,25.597376409904978
10396,25.614725644547537
10397,25.47248897378106
10398,25.37019613006295
10399,25.35917635480839
10400,25.379117416395612
10401,25.431097923425575
10402,25.39866565518378
10403,25.427674545393902
10404,25.664619621059856
10405,25.716235773034796
10406,25.984017678073073
10407,25.949628774886317
10408,26.19458918813118
10409,26.199542789666985
10410,26.980858143885193
10411,27.269418440071973
10412,27.854841524688528
10413,28.32901413770077
10414,28.842494429353657
10415,29.4897140219623
10416,29.97668294308438
10417,30.667983164899034
10418,31.26257066145245
10419,31.505892488375196
10420,32.01424319114264
10421,31.876595105310056
10422,32.45977024162059
10423,33.589635327229594
10424,33.6327897126938
10425,34.74177380395957
10426,34.94117941270822
10427,34.89402583221418
10428,36.23341557670527
10429,36.34037487925691
10430,36.817076946094154
10431,37.71290961134035
10432,38.364569326353106
10433,38.85673242122753
10434,38.035227129834446
10435,38.81398064448209
10436,39.17858179438687
10437,39.44014412928692
10438,39.956932536876074
10439,40.052865185215516
10440,39.19927468794262
10441,39.467872561331056
10442,39.63129423105216
10443,39.32111549613619
10444,38.92591350777287
10445,39.028287691410775
10446,38.33932272693915
10447,38.23202313854811
10448,38.38119158092931
10449,38.35364360551231
10450,38.27583932219982
10451,37.87477985254199
10452,36.57227067875388
10453,36.88391801355603
10454,36.45373863201991
10455,36.08895885668332
10456,35.33543071213158
10457,35.974174229429906
10458,35.57596217625207
10459,35.10076383897869
10460,34.97753767660892
10461,35.01133485568029
10462,35.51494397012275
10463,35.737180002546985
10464,35.47330435016275
10465,35.84663812546067
10466,35.42908699771843
10467,35.079717248184345
10468,35.06858197709898
10469,34.84352669371939
10470,34.29818538559555
10471,34.315814546507255
10472,34.04067104851942
10473,33.65724973735281
10474,33.423786061776354
10475,32.96470217108831
10476,33.038541031800335
10477,32.83888784768503
10478,32.6232987422504
10479,32.21018338776549
10480,31.79148594660948
10481,31.57627974880861
10482,31.127068523100533
10483,30.966091011935315
10484,30.528993360928794
10485,30.111002309309633
10486,29.69803145793414
10487,29.666934205292876
10488,29.509714082483807
10489,29.268393152827585
10490,29.250493328798402
10491,29.02512978652218
10492,29.073853322217563
10493,28.704095878383985
10494,28.470638821287594
10495,28.41584688194334
10496,28.49399963346655
10497,28.494356656742383
10498,28.27644923724346
10499,28.32603195405122
10500,28.281027111901743
10501,28.177878540623656
10502,28.029127235526303
10503,27.507564594346324
10504,27.337858770132303
10505,27.656898412613465
10506,27.372106859023933
10507,27.116833803798723
10508,27.156359946332675
10509,27.10074587910018
10510,27.19121473139369
10511,27.19597035404435
10512,26.468453974612654
10513,26.327642461970672
10514,26.264412033298207
10515,26.271863217769194
10516,26.205409373649168
10517,26.37645264411861
10518,26.09715572974876
10519,26.011765947946788
10520,25.93979497624715
10521,26.11596722871619
10522,26.218155903744496
10523,26.126449674463153
10524,26.25297863152058
10525,25.98871582242069
10526,25.95873930785565
10527,25.843407606183543
10528,25.885021089002436
10529,25.848591909198458
10530,25.918954740348266
10531,25.968258874370132
10532,25.830049141895838
10533,25.72768463100538
10534,25.76248754924127
10535,25.59014035004788
10536,25.56785337503722
10537,25.5839062838049
10538,25.586103924441414
10539,25.610449178838927
10540,25.496436548554303
10541,25.54704768999348
10542,25.42535025798779
10543,25.266614647795034
10544,25.22046345788957
10545,25.112041484526713
10546,24.89935699248826
10547,24.904305207644434
10548,24.975089400212177
10549,25.254710248371286
10550,25.51558855525297
10551,25.627117605635473
10552,25.62317866451606
10553,26.17756899180221
10554,26.51577006109855
10555,26.79792995317683
10556,26.70568750264725
10557,27.175929553468126
10558,27.34010117583163
10559,27.733806329182553
10560,28.97855440412044
10561,29.23897178326233
10562,29.940199598184044
10563,30.369037654354766
10564,32.4023873086235
10565,32.61561481683299
10566,33.31456186864068
10567,33.22866388695959
10568,34.500040677566375
10569,34.83206431512299
10570,35.513121236207404
10571,36.58554304572935
10572,36.038116816713526
10573,36.164867825834094
10574,37.03013991437173
10575,38.00536076309569
10576,38.43972844480197
10577,39.092701466612766
10578,40.037798395592695
10579,40.85986950093283
10580,40.84184576124666
10581,40.689298831111195
10582,41.67336871348377
10583,40.64924665426953
10584,40.80104704247533
10585,40.95414551685476
10586,40.88287006737806
10587,40.28528436220411
10588,40.72082528262066
10589,40.552681782875574
10590,40.176396175189915
10591,39.937098376320364
10592,39.673828681456136
10593,39.6665697456023
10594,39.275369404776065
10595,39.26341668330132
10596,38.47000988467914
10597,38.72621797688434
10598,38.43911508445601
10599,37.54866543506048
10600,37.24284813937089
10601,37.15882054578722
10602,36.714417669189245
10603,35.99286556513209
10604,36.25365147390544
10605,36.03373370519971
10606,35.73166496189318
10607,36.04081403783954
10608,35.83282792501505
10609,35.72445769806642
10610,35.415352830545636
10611,35.099029412431676
10612,35.012822085338385
10613,34.562709847531
10614,34.58194484369082
10615,34.49209393870845
10616,34.36062764628713
10617,33.85069482419735
10618,33.57413396417505
10619,33.54827064366002
10620,33.00869231432545
10621,32.383552813702984
10622,32.15913017227419
10623,32.016455632954184
10624,31.739611251046718
10625,31.523096896172582
10626,31.2699969851144
10627,31.280632290161336
10628,31.028663977674658
10629,30.69367242563518
10630,30.27069680187446
10631,29.827169159501025
10632,29.729002461443613
10633,29.57970346126771
10634,29.48857538367166
10635,29.34271856905389
10636,29.35420982314433
10637,29.32011580176918
10638,29.010316436405258
10639,29.029833578099403
10640,28.802064878614637
10641,28.868009638243254
10642,28.82641512913711
10643,28.854741355540735
10644,28.875864074708506
10645,28.861138064301347
10646,28.829324713600567
10647,28.80582001066269
10648,28.591754498489493
10649,28.64106714839653
10650,28.433699217586394
10651,28.339972693296254
10652,28.284815837431026
10653,28.262735584357166
10654,28.14281113318605
10655,28.019293342813548
10656,27.463207836357924
10657,27.149502578591537
10658,27.151837690282107
10659,27.21229756160358
10660,27.116832044625113
10661,27.01155526242596
10662,26.781357846721324
10663,26.88764824967849
10664,26.898295404069987
10665,26.958176106293966
10666,26.871447638963918
10667,26.968004948895725
10668,26.862250068431226
10669,26.751145781228164
10670,26.6838016531379
10671,26.4958964385872
10672,26.447602327406166
10673,26.592748298876955
10674,26.554977659427717
10675,26.58534185665521
10676,26.50332208341118
10677,26.45174496997999
10678,26.398492214462504
10679,26.429345912550975
10680,26.405226333780014
10681,26.508015427847514
10682,26.372459058497753
10683,26.115865069892394
10684,25.93287517155304
10685,25.929317982351353
10686,25.88807118000098
10687,25.938532858257307
10688,25.75211918305191
10689,25.890300090004654
10690,25.578389404680763
10691,25.55049911286884
10692,25.709076940041438
10693,25.90584101646732
10694,26.3742555331839
10695,26.656537840176245
10696,26.863067819145577
10697,27.091805734703197
10698,27.662892956332705
10699,28.20567097634697
10700,28.53714285276165
10701,29.08572587311718
10702,29.605749561879207
10703,30.191923296344434
10704,30.83325927883581
10705,32.19435826515998
10706,32.8312015435662
10707,33.36339722946599
10708,33.42449505980193
10709,33.43459986849
10710,34.55651226993811
10711,34.87680410460402
10712,35.73106480302821
10713,35.70361222205864
10714,36.525178678485204
10715,36.49621925722562
10716,36.62072119301071
10717,36.75103095137487
10718,38.672361128988705
10719,38.633450300275946
10720,39.654655101770366
10721,39.921003998289756
10722,40.02625279958239
10723,40.232399320087
10724,40.1272221454066
10725,40.27391491762113
10726,40.37978671247001
10727,40.53848439899306
10728,39.87715983067112
10729,39.845498427618736
10730,39.697264092816255
10731,40.028595290721526
10732,40.005140833851605
10733,39.97837748685739
10734,39.61461610726885
10735,39.08727556611995
10736,38.731573634625846
10737,38.485407377980806
10738,38.545348193468826
10739,38.24882272857114
10740,37.828393599481124
10741,37.36926328100408
10742,37.01003745720083
10743,36.082917241328666
10744,35.75914109371103
10745,35.72492382112262
10746,35.3526970250872
10747,35.40212746352719
10748,35.28900137044018
10749,34.52674348797137
10750,34.22856396097404
10751,34.01405121312217
10752,33.74672763936488
10753,33.12386932138994
10754,32.81566882804563
10755,32.4767018895971
10756,32.27641103174797
10757,32.04114732051622
10758,31.742076102514567
10759,31.626472589486195
10760,31.89421057757236
10761,31.791781834943478
10762,31.524616098686675
10763,31.527334004894037
10764,31.61470501850503
10765,31.610544166516036
10766,31.628543850767546
10767,31.471646759327687
10768,31.28833077060586
10769,31.19996026881692
10770,30.91772390242884
10771,30.647026092791226
10772,30.539849620240474
10773,30.188962016661073
10774,29.805254126640364
10775,29.147357699859604
10776,28.90533659049704
10777,28.7045516210092
10778,28.788343751454114
10779,28.655628378838955
10780,28.63585587805819
10781,28.60601899403227
10782,28.488438836038952
10783,28.50754323710576
10784,28.490979437907665
10785,28.52156040090306
10786,28.428305826369137
10787,28.26090279799981
10788,28.26858779939559
10789,28.202445294463647
10790,28.12312674275589
10791,27.964727515579614
10792,28.016425348680958
10793,27.966091847294567
10794,27.743250371527168
10795,27.518441179894683
10796,27.67387555664875
10797,27.737834171760298
10798,27.61436865338175
10799,27.722708419502432
10800,26.829432990804797
10801,26.712746758542664
10802,26.806841220904758
10803,26.848203713226674
10804,26.266957894551428
10805,26.289121265803303
10806,25.966423014859323
10807,26.00602909150602
10808,25.97742434153143
10809,26.08820361953469
10810,26.10565207618046
10811,26.127799540446052
10812,26.110049754972543
10813,26.157385339319482
10814,26.1555429009833
10815,26.023787803839788
10816,26.02480409438116
10817,26.110786800001343
10818,26.018826404549515
10819,26.01837732000325
10820,25.96559239796265
10821,25.896633290630117
10822,25.966609020242885
10823,25.836070445555695
10824,25.71546624020262
10825,25.648654592926057
10826,25.560135590032537
10827,25.282052790736664
10828,25.305948740754552
10829,25.251365217547068
10830,25.26015884875483
10831,25.226454705228967
10832,25.03999284074024
10833,24.94943497989046
10834,25.070340784822474
10835,25.0362904459539
10836,25.21789906613473
10837,25.27994127742625
10838,25.45447575263273
10839,25.470087440187527
10840,25.843746589777417
10841,26.332555224063437
10842,26.5280042887632
10843,26.98132150031633
10844,27.4292848339004
10845,27.47576876912817
10846,28.22925247481121
10847,28.987882016777256
10848,29.20245267325858
10849,30.263526589232157
10850,31.790522732366657
10851,31.82824534263005
10852,32.43921630995621
10853,32.97897336112038
10854,33.22289668157757
10855,34.175814670360396
10856,34.87523685454311
10857,35.62226437631244
10858,35.80224546827374
10859,37.101882601016385
10860,38.47439271767275
10861,39.10033214050934
10862,39.521060604565875
10863,39.581384844803445
10864,39.77570225311581
10865,40.04498647619996
10866,40.079899949388505
10867,40.01281263525324
10868,40.59119367625877
10869,40.305656411156555
10870,40.747361339023605
10871,40.93369588322389
10872,40.21210869984212
10873,39.65232923152674
10874,40.42993949181728
10875,40.43758910923736
10876,39.93456030334493
10877,40.73271245765691
10878,40.47802147094813
10879,40.005962456530575
10880,40.225580210756505
10881,40.098602684080895
10882,39.74945455541133
10883,39.81978334978052
10884,39.09032620729348
10885,38.92918347722818
10886,38.41775226629499
10887,37.60325143201556
10888,37.49921519293045
10889,37.48061955589914
10890,37.143211616146665
10891,36.265543816734
10892,36.38813275398352
10893,36.042368222760025
10894,36.1585302493437
10895,35.961330226157884
10896,35.088593350952735
10897,35.30072615121977
10898,34.05793171643794
10899,33.88383380287321
10900,34.090537681905126
10901,33.763046137587686
10902,33.458087083024544
10903,33.397145098410256
10904,32.73253411683995
10905,32.661934789404086
10906,32.449021638412596
10907,32.46825481762493
10908,32.26075078353304
10909,31.936517460455217
10910,31.812347050863913
10911,31.68974113376292
10912,31.447668638639765
10913,31.396969597018025
10914,30.917642413458143
10915,30.699475673856437
10916,30.562262624097208
10917,30.451575899900195
10918,30.296914383596857
10919,29.877261494510545
10920,29.800519408533663
10921,29.647925766647983
10922,29.371744038722998
10923,29.113068130076247
10924,28.830816291098532
10925,28.88689355782539
10926,28.771752753218745
10927,28.722920344887864
10928,28.7191595138048
10929,28.481816672587495
10930,28.488298379627324
10931,28.63892592181049
10932,28.340893528490955
10933,28.407888917042552
10934,28.190029558838237
10935,28.22333216044914
10936,27.803616604826743
10937,27.725700047918878
10938,27.711910949751918
10939,27.84514159838537
10940,27.6981895525897
10941,27.64495250012846
10942,27.717949269474953
10943,27.425623764423815
10944,26.831576681894678
10945,26.682227348433912
10946,26.893702288211752
10947,26.6034927651556
10948,26.839301506355927
10949,26.84872193180145
10950,26.37441951912688
10951,26.22844708669561
10952,26.48978820123723
10953,26.277250767966176
10954,26.206159829846353
10955,26.17418763245956
10956,26.075149896329812
10957,26.10002891603985
10958,26.257068759267085
10959,26.15683619111449
10960,26.133252867983558
10961,26.165871431550933
10962,26.13256902828316
10963,26.149960996266973
10964,26.16440970105722
10965,26.099035498907813
10966,26.03156280121032
10967,25.999626770605637
10968,25.94975144413527
10969,25.73942827786388
10970,25.79710714791329
10971,25.78371688650849
10972,25.762453499748865
10973,25.68199648859717
10974,25.60415071387291
10975,25.420785018182606
10976,25.595805810660018
10977,25.20593817995814
10978,25.22049920352675
10979,25.314443525067013
10980,25.65949459453584
10981,25.751348713719814
10982,25.95499490752095
10983,26.112009580430207
10984,26.420378958294783
10985,26.30761627266201
10986,26.495119858386797
10987,27.244895090556472
10988,27.40147219438909
10989,27.972354427327588
10990,28.39068219850489
10991,29.050756486536628
10992,29.369243724687184
10993,30.46229820948839
10994,31.25671185178361
10995,31.977155642078007
10996,32.71057213489206
10997,33.12418706926013
10998,33.82219135826859
10999,34.80947020263408
11000,35.05264671376485
11001,35.7764291842312
11002,36.0170095031471
11003,36.09112648654012
11004,36.237316802392066
11005,37.21052573490395
11006,38.11345626452217
11007,37.900203962186296
11008,39.270016900002226
11009,39.57032895039578
11010,40.17106026128765
11011,40.32606972048476
11012,40.35462941069454
11013,39.937341895244224
11014,40.57702989782496
11015,40.120463893029445
11016,39.46233365726375
11017,39.88408417774311
11018,39.94879299074993
11019,39.76229880526977
11020,39.85831258584951
11021,40.247385995568074
11022,39.61881787355804
11023,39.77880942305731
11024,39.691828106993974
11025,39.78411282901851
11026,39.34712617402611
11027,39.54646461996941
11028,39.10266934768039
11029,39.47372518819719
11030,39.16479204324173
11031,38.56065979891712
11032,38.38258527045932
11033,38.37030698158031
11034,37.88008430313576
11035,37.16488178886115
11036,36.75462295129272
11037,37.0950736044445
11038,36.73089826494827
11039,36.37338352526961
11040,35.90580659001197
11041,36.09471242095438
11042,35.718503106158686
11043,35.67968756835746
11044,34.85929821349386
11045,34.640123820539074
11046,34.31627252917449
11047,33.78253463394752
11048,33.40141846311329
11049,33.07621232254525
11050,32.93023304215767
11051,32.80483906419051
11052,32.134757734748774
11053,31.890152243446963
11054,31.835084245610467
11055,31.608053964503878
11056,31.4377450186574
11057,31.399639397275248
11058,31.008659326511616
11059,30.947656471482958
11060,30.68609329823983
11061,30.384134725388396
11062,30.103411559501584
11063,29.717844929188054
11064,29.323306536488854
11065,29.205440935615254
11066,29.09964941705799
11067,29.24272655387518
11068,29.181902241580207
11069,29.212092314093045
11070,28.917259578036564
11071,28.796769500654452
11072,28.704395135459045
11073,28.799226529192236
11074,28.712595768289276
11075,28.71730003837573
11076,28.746905511790917
11077,28.57613769679684
11078,28.74206016343684
11079,28.995457888471524
11080,28.501748223340435
11081,28.51118224605768
11082,28.895720727478484
11083,29.32516967675229
11084,29.206798756870473
11085,28.755632760842808
11086,28.587628841147005
11087,28.617188273497337
11088,28.169044897785717
11089,28.179030298919404
11090,28.136773143037875
11091,28.117171928188274
11092,27.976673639417886
11093,28.01829080507117
11094,28.148887243675738
11095,28.209183131645595
11096,28.391764719287167
11097,28.27237629171592
11098,28.4580844910243
11099,28.377237162629022
11100,28.264943446620656
11101,28.243759225583567
11102,28.20340898007935
11103,28.023957698403116
11104,28.05151179737739
11105,28.145980439170298
11106,28.12103253002805
11107,27.79517829927912
11108,27.82827532954485
11109,27.46920876600145
11110,27.50193299256419
11111,27.444648197081268
11112,27.47776486344093
11113,27.413590897296423
11114,26.87821530791292
11115,26.703516178759575
11116,26.74691253147151
11117,26.58889931328815
11118,26.33077122346067
11119,26.115123753334977
11120,26.177352077794406
11121,26.211440472766665
11122,26.303501737756267
11123,26.247419973527244
11124,26.385595519909007
11125,26.486988593035065
11126,26.77244456935975
11127,26.79595827598821
11128,26.95896365388207
11129,27.252738418489535
11130,27.53535570710074
11131,28.622243985241276
11132,28.890366740382326
11133,28.965997931375718
11134,29.876999956770277
11135,30.245712052218206
11136,30.718520570044433
11137,31.98840981200439
11138,32.45827234714547
11139,32.70947087502626
11140,32.95963229591452
11141,34.74088978877973
11142,34.47636843176957
11143,34.94213681540668
11144,35.84183552918543
11145,36.208625755944496
11146,36.57296688058992
11147,37.17849886300254
11148,37.01288994134707
11149,38.29089376537178
11150,38.026087472467125
11151,38.294832353617075
11152,38.16496856863096
11153,38.955690859344905
11154,38.89003961800891
11155,38.68580810290589
11156,39.91185473135946
11157,39.777639865296756
11158,41.21297385450022
11159,40.738169176207286
11160,40.397066645934096
11161,40.20476308438479
11162,40.17651176519341
11163,39.592044417673655
11164,38.654151744613465
11165,39.38957614116371
11166,39.53770025525419
11167,38.67361800342909
11168,37.48984910172357
11169,37.68441292013843
11170,37.24731042410445
11171,37.03786139960868
11172,36.35143058972565
11173,35.90858611484817
11174,35.452073184707245
11175,35.11214254635181
11176,34.59429379191908
11177,34.175336473681384
11178,34.09423453666478
11179,33.82590403061948
11180,33.62108896545359
11181,33.315195421824825
11182,33.426380110473254
11183,32.78695910996553
11184,32.90382492718145
11185,32.508019989905556
11186,32.11826480056864
11187,32.098025903190596
11188,32.13935531422805
11189,32.230382763342476
11190,32.141981800288164
11191,32.13081617397832
11192,32.1663045268602
11193,31.892417248951112
11194,31.539784125443152
11195,31.455225472795814
11196,31.540584896766422
11197,31.290112838811268
11198,31.113629737081233
11199,30.701807012207283
11200,30.500190689217845
11201,30.317125181768393
11202,30.065524863839485
11203,29.82743267031043
11204,29.703335196004257
11205,29.68100636931948
11206,29.587417487248736
11207,29.592843076687114
11208,29.48616795979266
11209,29.541804078007306
11210,29.40223993942638
11211,29.168488476638966
11212,28.990875173568107
11213,28.883932844429165
11214,28.682790660318787
11215,28.626819928771006
11216,28.450570882412006
11217,28.355567704261993
11218,28.23983029137184
11219,27.783169012042926
11220,27.79788880491076
11221,27.67345786035041
11222,27.57062874740387
11223,27.637190171197627
11224,27.61670707334861
11225,27.596044459347617
11226,27.765145435514295
11227,27.56137312673858
11228,27.76424458234684
11229,28.060652456658126
11230,28.13388357220104
11231,28.237304234057838
11232,27.81924489229169
11233,27.66996051687446
11234,27.590109913397782
11235,27.543815900639515
11236,27.462987539268696
11237,26.97328837166568
11238,26.751560515626934
11239,26.086527807602728
11240,25.370715522413835
11241,24.848724296512618
11242,24.531778673589994
11243,24.812718944471662
11244,24.702160992491237
11245,24.241589299092066
11246,24.046196742306208
11247,24.06399319729521
11248,23.973932675632224
11249,23.999485753786878
11250,24.04299536931366
11251,23.998572778230837
11252,23.981878106318018
11253,23.954626182373982
11254,23.9833783289807
11255,23.98575033783853
11256,23.92465361578692
11257,24.03871311191249
11258,23.985008939795506
11259,23.982106163599543
11260,24.03302674655135
11261,24.07119777910716
11262,23.785543391026053
11263,23.902741155385975
11264,23.83943942841728
11265,24.03530739556411
11266,23.99896620503532
11267,24.139788681060157
11268,24.23311037485739
11269,24.255642122625673
11270,24.36786885865375
11271,24.4633889415914
11272,24.4131833805072
11273,24.477062400660618
11274,24.51253301451708
11275,24.725025900889868
11276,24.84669594298409
11277,25.215450209700325
11278,25.468843620780927
11279,25.81085882678603
11280,26.115357656999752
11281,26.821373269145795
11282,27.420877943134276
11283,27.681594615709706
11284,27.447604766874214
11285,27.77421374061854
11286,27.99457300164049
11287,28.46028574902582
11288,29.20954100967092
11289,31.499833491712998
11290,32.06375109497061
11291,32.7154068349835
11292,33.04393772685688
11293,33.346034950785125
11294,34.27171612533239
11295,34.70622132398369
11296,35.12438274432309
11297,35.65423415678276
11298,36.31667071567614
11299,36.76732442452083
11300,36.9968348481336
11301,37.43509603709796
11302,37.62717548762709
11303,37.443558362514274
11304,37.814628744155456
11305,37.918404296107454
11306,38.654229980086505
11307,37.75947517456378
11308,38.20841255181774
11309,38.4385704152509
11310,38.378847059380035
11311,38.41345728149157
11312,38.48330384151181
11313,38.43343793961538
11314,38.76423941660486
11315,37.956572448418
11316,37.10600723026168
11317,37.750253168550266
11318,36.9569712662096
11319,36.79401666175636
11320,36.419081145969095
11321,35.88864382544246
11322,35.31365489186207
11323,35.3184022105891
11324,34.93181855992066
11325,34.96619746788243
11326,34.80946043683196
11327,34.7295996474758
11328,34.50046762876683
11329,34.380414958152166
11330,34.034714438420494
11331,34.050700517552905
11332,33.90003154008582
11333,33.35048194333859
11334,33.33496394706052
11335,33.149089620145126
11336,33.06844740448128
11337,32.7363926159668
11338,32.73889835859188
11339,32.108436028505594
11340,31.91087668469621
11341,31.75016321329038
11342,31.64663886588025
11343,31.358639069992762
11344,31.229896143015413
11345,31.011013262722532
11346,30.76911146097947
11347,30.381192928314924
11348,29.691742365549082
11349,29.641031148645013
11350,29.505745357126177
11351,29.447580771310797
11352,29.3837712533312
11353,29.033213163593675
11354,28.80809380024112
11355,28.673397338837717
11356,28.74292352736291
11357,28.69489281344097
11358,28.846236557364318
11359,28.749160142911315
11360,28.54677593729879
11361,28.630024303651723
11362,28.569980337336826
11363,28.3044514822451
11364,28.35730290991242
11365,28.259730879376974
11366,28.067606475152875
11367,28.015389852943628
11368,27.959576438368178
11369,27.998760737398804
11370,27.9050434136714
11371,27.973320724120217
11372,27.84222988103404
11373,27.901226836724856
11374,27.80950288224998
11375,27.374603775446268
11376,26.729198534905965
11377,26.629744462536618
11378,26.76177221084083
11379,26.69748229380168
11380,26.505352909709252
11381,26.3963144381077
11382,26.323240733542317
11383,26.408547820373716
11384,26.236079143837827
11385,26.280319886424625
11386,26.256257133364024
11387,26.27032799452755
11388,26.159914464517602
11389,26.142608347450167
11390,25.86867265959709
11391,25.778093637008567
11392,25.42957681615637
11393,25.469848083088657
11394,25.506437438796937
11395,25.531918581086334
11396,25.53752238547665
11397,25.482775224452478
11398,25.63948965539266
11399,25.62396001795082
11400,25.61311793199697
11401,25.501313228770382
11402,25.405331413178438
11403,25.397889724034968
11404,25.37715720127435
11405,25.36274514829239
11406,25.469518359413566
11407,25.44071623150501
11408,25.377023362898296
11409,25.472153663763674
11410,25.506239943429485
11411,25.54675043855313
11412,25.78144363109428
11413,25.81711919173429
11414,25.988249712246034
11415,25.911767517867414
11416,26.061720873805616
11417,26.298245218126038
11418,26.930552436040287
11419,27.1682962651717
11420,27.439862889214872
11421,27.560880721032003
11422,28.043620948938877
11423,28.465785486046165
11424,28.53784704336714
11425,28.59106346035101
11426,28.748367755550795
11427,29.655617263078668
11428,29.8915103091651
11429,31.150396074721534
11430,31.50529365061121
11431,32.074536664303366
11432,32.94431731187505
11433,33.37951918979467
11434,33.75167423749811
11435,34.20120546090517
11436,35.48633788667172
11437,36.70673160429871
11438,36.99172586096306
11439,37.65637131264352
11440,38.05753997504097
11441,37.90210513106627
11442,37.804357060399134
11443,39.296969935616445
11444,39.08350080212062
11445,39.02372217388077
11446,39.61664203806783
11447,39.85098263759006
11448,39.34571433503442
11449,39.83174255454977
11450,40.119599204276064
11451,40.19624262885028
11452,39.05153153993369
11453,37.61236871894903
11454,37.68140361050083
11455,36.98756391853198
11456,37.89314509629101
11457,37.51779385033476
11458,37.47519516742132
11459,37.14058250933963
11460,37.028530110116634
11461,36.81824428859448
11462,36.395063304310725
11463,35.949275975022424
11464,34.30798184753751
11465,33.49153130861735
11466,33.413641273237495
11467,32.65135346358371
11468,30.190011221814512
11469,29.077142712169017
11470,29.105267362360234
11471,28.961538359695748
11472,28.334349888338686
11473,28.70775493668845
11474,28.033144748511518
11475,27.836814561293384
11476,27.327802306977357
11477,27.582961651279344
11478,27.66685382175087
11479,27.700621091841825
11480,27.73757104248496
11481,27.093955400567676
11482,27.41402790752349
11483,27.494913505675875
11484,27.10189638468843
11485,26.988565238018815
11486,27.006440302370294
11487,26.518947935894815
11488,26.378048616705772
11489,26.296772245636358
11490,26.21036579856362
11491,26.160091453964014
11492,25.8821315787077
11493,25.72430201951161
11494,25.695700436060854
11495,25.76790199719613
11496,25.726304932550754
11497,25.695255983091677
11498,25.67493285669244
11499,25.693046497599013
11500,25.582552493159184
11501,25.519987887181593
11502,25.619072067301897
11503,25.549531366432415
11504,25.580812599800637
11505,25.754382243633643
11506,25.6673081639247
11507,25.67681218022047
11508,25.772951698663327
11509,25.649517471275868
11510,25.731924807567918
11511,25.69601737154503
11512,25.71627179592811
11513,25.89464576936816
11514,25.798043997581374
11515,25.74748899326497
11516,25.75645584621446
11517,25.61338151911237
11518,25.819609033912325
11519,25.715031898399364
11520,25.11315929716309
11521,24.888492184625306
11522,24.781615146986876
11523,24.867577964331506
11524,24.961639518282468
11525,24.84095317531769
11526,24.880850483220108
11527,24.568068599920863
11528,24.627840093197655
11529,24.718043990539478
11530,24.723706679649137
11531,24.79477464296566
11532,24.925134234563643
11533,24.90625443300014
11534,24.77736568567002
11535,24.781252338330113
11536,24.744460440546263
11537,24.73576000744189
11538,24.632347538505076
11539,24.510376210605266
11540,24.65339447331388
11541,24.492365032811335
11542,24.379312705569102
11543,24.430826868267893
11544,24.397284664470728
11545,24.462971564473705
11546,24.412941828940042
11547,24.255276045937666
11548,24.37126674970935
11549,24.207880810128042
11550,24.238710144116247
11551,24.263235429653214
11552,24.265375475646564
11553,24.341176651558747
11554,24.269897754276492
11555,24.29717480123797
11556,24.44312806922569
11557,24.605381069000156
11558,24.787497004021414
11559,24.673363942091814
11560,24.990118285127284
11561,25.151469840798878
11562,25.328169642287115
11563,25.49529628786294
11564,26.23969439851391
11565,26.813176181025565
11566,27.254485384525534
11567,27.49678915832888
11568,27.343413827454185
11569,28.034657262886277
11570,28.743953474503876
11571,29.923994154604724
11572,30.742035912493
11573,30.732116320902954
11574,30.81817631619212
11575,32.05517969132706
11576,33.170338774367146
11577,33.74334401920698
11578,34.248351175979444
11579,35.462856737893766
11580,35.64301614727254
11581,36.065011691296455
11582,36.432650456192505
11583,37.426183130765786
11584,38.65912633625322
11585,39.727222857956264
11586,40.314314570765674
11587,40.330713904821685
11588,40.66998646821697
11589,40.363476149604516
11590,40.502240528368674
11591,41.22940320463163
11592,40.53086709558525
11593,40.42524130716772
11594,40.08843023357861
11595,40.68296671874192
11596,40.27497012202979
11597,40.58733810534455
11598,39.887223509092756
11599,39.5633292161944
11600,39.82537211812627
11601,39.73757664252874
11602,39.48044013989924
11603,39.358749059905286
11604,38.89731255737744
11605,38.589290601158204
11606,38.68121062307133
11607,38.255730692519116
11608,37.39728458438388
11609,37.17244231793778
11610,36.88389806450815
11611,36.21039032530566
11612,36.072125483934705
11613,35.61222712138904
11614,35.72806893639311
11615,35.16608097011019
11616,34.766665097509915
11617,34.608225616641825
11618,34.20506265552967
11619,33.88821682487217
11620,33.70910771751391
11621,33.34559413826001
11622,33.08099396264616
11623,33.077543990491264
11624,32.724372373325984
11625,32.7596562063975
11626,32.682300042321785
11627,32.45238327669285
11628,32.31704160593491
11629,32.21174566498288
11630,32.09400205329221
11631,31.68287520503066
11632,31.396882324505455
11633,31.113925413155606
11634,30.62551673312952
11635,30.686559960898727
11636,30.178777950723184
11637,29.67609991623093
11638,29.575975747326343
11639,29.396795362817173
11640,29.08987648877569
11641,28.938315570871328
11642,28.76063709912564
11643,28.7761345437402
11644,28.666785901034366
11645,28.42105600053138
11646,28.609322286112874
11647,28.464614403249318
11648,28.45360992150047
11649,28.457998080015788
11650,28.299893982050648
11651,28.278998558481494
11652,28.362212337726426
11653,28.25458260335538
11654,28.180968801328515
11655,28.39635790117377
11656,27.93674400956788
11657,27.949511829402766
11658,28.122210386584
11659,27.970750270694857
11660,27.975378950736342
11661,28.00353272334811
11662,27.44107041891319
11663,27.364610678228477
11664,26.79347380840585
11665,26.781488865601847
11666,26.843799022053965
11667,26.836376866679863
11668,26.867149657699144
11669,26.718930679340804
11670,26.447739918030308
11671,26.5551711017121
11672,26.56878288397477
11673,26.715299970882224
11674,26.736536676890985
11675,26.434671328873723
11676,26.449540030900756
11677,26.501906515182597
11678,26.312386756358006
11679,26.209831263430704
11680,26.038182836940166
11681,26.014222564988675
11682,25.973624730214066
11683,25.846691167849418
11684,25.825825490810786
11685,25.781020654149177
11686,25.475085566095558
11687,25.510815147130284
11688,25.510750680413988
11689,25.592210530010178
11690,25.596201497218814
11691,25.573447594615345
11692,25.8211420503963
11693,25.58466934495059
11694,25.520593207080626
11695,25.598845495803396
11696,25.50608723039011
11697,25.42602387927292
11698,25.483359831003515
11699,25.567929610494396
11700,25.656518538766562
11701,25.432750486481307
11702,25.543695180902507
11703,25.756493843050276
11704,26.11875580802794
11705,26.38830908124547
11706,26.457596880736297
11707,26.640858256353482
11708,27.052208530233234
11709,27.49965064531583
11710,27.85517463681265
11711,28.44349189012811
11712,29.021670808629295
11713,29.92370410486064
11714,31.074793274515187
11715,31.486737020298644
11716,32.75121864120418
11717,33.332984155466804
11718,33.97889330170274
11719,35.01369605660973
11720,36.20466692195441
11721,36.75192656743655
11722,37.26866168439303
11723,38.06323317914113
11724,38.00971488327622
11725,38.20328012848958
11726,38.382932561970705
11727,39.307070553918386
11728,39.54575789428908
11729,40.13247332027442
11730,40.16729885552432
11731,40.62319636966185
11732,40.93369378429033
11733,40.54456981273368
11734,40.620887447725075
11735,40.73588543601976
11736,39.90420590106136
11737,39.843605591052224
11738,39.91995599379236
11739,39.85205895872958
11740,39.377919923394614
11741,39.56417238595997
11742,39.50792890461439
11743,38.950098095779246
11744,38.94006028654896
11745,38.69949465073364
11746,38.64373661782032
11747,38.415106309909575
11748,37.433529731148376
11749,37.83626994317206
11750,36.92189822659127
11751,36.40862440221727
11752,36.08572691856494
11753,35.87282848205735
11754,35.41695911309611
11755,35.125632401615775
11756,34.6257210487741
11757,34.75609062722645
11758,34.81864122860468
11759,34.64275202649615
11760,34.3918923553266
11761,34.271165222755016
11762,34.15655756195575
11763,33.78556557079751
11764,33.1639962332247
11765,33.229630796656274
11766,33.046127540341885
11767,32.8264596767194
11768,32.8174380920784
11769,32.76260634994548
11770,32.74443647509609
11771,32.478324674279165
11772,32.267558300887515
11773,32.17479907990664
11774,32.09516046769359
11775,31.928606997280735
11776,31.720284286370635
11777,31.914829292830195
11778,31.608244660483805
11779,31.526784079655858
11780,31.172669583697207
11781,30.775650518038084
11782,30.600531599515588
11783,30.57762092287942
11784,30.10460394856282
11785,29.92753026872769
11786,29.789267017455046
11787,29.629217027776587
11788,29.759755088293993
11789,29.909599112658086
11790,29.836201893682244
11791,29.87807030913054
11792,29.816363171251037
11793,29.556966149947474
11794,29.625560753812373
11795,29.453244654568707
11796,29.199304378024063
11797,29.092779047659732
11798,29.086077226729373
11799,29.07043608082653
11800,29.017680559480304
11801,28.981340679797146
11802,28.756456942579952
11803,28.626317654504856
11804,28.545788793568743
11805,28.57464496472772
11806,28.52464043158004
11807,28.119811810160186
11808,27.734699824502197
11809,27.588698170611753
11810,27.604149066942572
11811,27.399791699371008
11812,27.251520802274275
11813,27.12447538501255
11814,27.071009726485514
11815,27.029459114296237
11816,27.051110634713037
11817,26.937254828424123
11818,26.881123830578797
11819,26.897725021914443
11820,26.926002081435968
11821,26.805046087284413
11822,26.86218163932326
11823,26.81676915860112
11824,26.853535600038928
11825,26.803029902446504
11826,26.77852135084336
11827,26.796318347933767
11828,26.854671968861947
11829,26.77911809660535
11830,26.7538580800736
11831,26.736124862661995
11832,26.696437537256777
11833,26.71969784970247
11834,26.712768880607918
11835,26.675522688134826
11836,26.75530113871464
11837,26.67946898476334
11838,26.755775930542008
11839,26.803371233285308
11840,26.785655303278332
11841,26.623401943826206
11842,26.528997731889646
11843,26.69452047055348
11844,26.942642084523087
11845,27.04594054386834
11846,27.264067721960764
11847,27.246219552784353
11848,27.5396150312922
11849,27.769767949770472
11850,27.942939660079357
11851,28.481898907934067
11852,28.776344185728746
11853,29.105572509302228
11854,29.398673498691444
11855,29.873825379132352
11856,29.6377916646248
11857,30.073443202392355
11858,30.17672400014483
11859,30.915849268962145
11860,31.819193398248352
11861,32.30310454807104
11862,32.648085980042204
11863,33.01613616560048
11864,34.09451622559183
11865,35.266912547177455
11866,35.49009888046005
11867,35.92290589709334
11868,36.012117256521734
11869,36.60807335681501
11870,36.75479276703857
11871,37.73038955315507
11872,38.04793601120037
11873,38.278113876347916
11874,38.665880514474026
11875,39.02231833954333
11876,39.267824704803736
11877,39.15901423275919
11878,39.42234844080356
11879,39.42914589656675
11880,38.90354101378863
11881,38.934662855824556
11882,38.90063521404573
11883,38.97480414707377
11884,38.487271271732105
11885,38.37220083236708
11886,38.28747662451769
11887,37.99783771209184
11888,38.09182312192665
11889,38.11478524056489
11890,38.09881653295949
11891,37.90363775383863
11892,36.6387657729479
11893,36.48568142388477
11894,36.255666958810814
11895,36.00396539504243
11896,35.4199293063646
11897,35.52955518377764
11898,35.3299095838657
11899,35.237307351764024
11900,35.17972484041363
11901,34.641154465849915
11902,34.43685483778878
11903,34.54017986112139
11904,34.33762068490211
11905,34.11026582094227
11906,33.80457062155778
11907,33.47091459697431
11908,33.06186664664027
11909,33.012950722704424
11910,32.97006464670843
11911,32.78013807572036
11912,32.80008847461683
11913,32.696064183965014
11914,32.62645205637122
11915,32.35298825722851
11916,32.36542860566223
11917,32.10934519346713
11918,31.92679885954722
11919,31.75552285761593
11920,31.49897062723898
11921,31.372789950048304
11922,31.034558101864608
11923,30.95812171608297
11924,30.774440458548238
11925,30.670342581023426
11926,30.599823573497805
11927,30.56098937714134
11928,30.531801654899027
11929,30.515054239844993
11930,30.426341540494406
11931,30.463873873425175
11932,30.180306980888155
11933,29.94477372458484
11934,29.68252088498317
11935,29.63291988872153
11936,29.486930196839026
11937,29.304590069175365
11938,29.172117791623375
11939,29.085714664262024
11940,28.76007801198814
11941,28.61276359558456
11942,28.44725725716181
11943,28.381493539813967
11944,28.38888972553482
11945,28.34095130164778
11946,28.179030214367152
11947,27.936488666466197
11948,27.759610717897903
11949,27.788061885972663
11950,27.752940079437124
11951,27.75492950311893
11952,27.131813168480903
11953,27.219751460851516
11954,27.22202008232471
11955,26.877344575860857
11956,26.791882083576663
11957,26.766425958566945
11958,26.709799113716834
11959,27.14113383691809
11960,27.395831559157607
11961,27.288173286509938
11962,27.243890719698722
11963,27.114711243272286
11964,27.220885898299265
11965,27.390299407028273
11966,27.356623319342418
11967,27.316756452550507
11968,27.38852948100396
11969,27.39281164025228
11970,27.42228073954226
11971,27.481042643187198
11972,27.63080129808002
11973,27.165508738479733
11974,27.196154270945584
11975,27.605210313224546
11976,27.624002371639584
11977,27.524049310522344
11978,27.161708654681192
11979,27.186781774854403
11980,27.541392011884586
11981,26.955229359459157
11982,26.810698859199018
11983,26.649907368122808
11984,26.816357754920645
11985,26.759438515442312
11986,26.67247224993968
11987,26.87508441891999
11988,26.940959613808733
11989,27.024908804779795
11990,27.272640873204175
11991,26.79627062245997
11992,26.446245935960466
11993,26.25931887418012
11994,26.02401543986902
11995,25.97922562201845
11996,26.000005215730713
11997,26.010373812515784
11998,25.934598861992097
11999,25.99382420798208
12000,25.818530479806768
12001,25.892476997354937
12002,26.163717816003395
12003,26.445104697714957
12004,26.762668488885105
12005,27.043984801290772
12006,27.973554375004284
12007,28.402386300041165
12008,28.91869675295229
12009,28.938767127704693
12010,29.582481536706613
12011,29.75935583068276
12012,29.88275975697089
12013,30.174531860584082
12014,30.595349963649376
12015,30.828798577963745
12016,31.188329417652426
12017,31.958597588482082
12018,31.95736401453682
12019,32.18136009547349
12020,31.993919029092357
12021,31.723112270163764
12022,31.61420485099836
12023,31.426779174951946
12024,31.32230564611453
12025,31.578884506759714
12026,31.913339482599714
12027,32.863566423447715
12028,33.48637546069586
12029,34.69758096271398
12030,34.16559622399339
12031,33.68456737357999
12032,34.11443274704254
12033,34.944527104626204
12034,35.65504229554099
12035,35.937128430415704
12036,35.652467972909236
12037,35.40879141876071
12038,34.86507702181834
12039,34.57239009391587
12040,34.20660409116631
12041,33.65898792370954
12042,33.840516879911185
12043,33.78563967052109
12044,34.02638149436139
12045,33.88901185130176
12046,33.87630434014946
12047,33.79013057316036
12048,32.97106094786237
12049,32.75175670312004
12050,32.67973688365683
12051,32.29979096403269
12052,30.892390109620198
12053,30.680208608747698
12054,30.538466085122046
12055,30.457828350765507
12056,31.001347842923163
12057,31.06847160076487
12058,31.089980710387064
12059,30.58815073731762
12060,30.469330224860574
12061,30.022011757024146
12062,29.949295703268007
12063,29.672062190761018
12064,29.23841402649095
12065,29.184561307237317
12066,29.11842832661632
12067,28.54464707409159
12068,28.44574475832996
12069,28.235252756343378
12070,27.953541858419737
12071,27.97333387342118
12072,27.888035907851517
12073,27.684217199918326
12074,27.594354686741173
12075,27.51766212756668
12076,27.456346424348776
12077,27.387930960891868
12078,27.60265802795352
12079,27.514328518781532
12080,27.586219655696677
12081,27.596137583403415
12082,27.642464324848987
12083,28.05204114998353
12084,28.08580116782211
12085,28.10292865816709
12086,28.17356909643208
12087,27.914945059206133
12088,27.95139331205176
12089,27.820932959616457
12090,27.801411156074252
12091,27.772494696676905
12092,27.789100418828713
12093,27.784303967694566
12094,27.78626438397772
12095,27.70921952309147
12096,27.08017028426288
12097,27.09296064011635
12098,26.884260087357816
12099,26.908003139908804
12100,26.824292497526038
12101,26.879036021942472
12102,26.46788895668525
12103,26.47565662719209
12104,26.306447148989978
12105,26.352460447123875
12106,26.102023872770218
12107,25.99243305989533
12108,25.929684013593093
12109,25.716156869185006
12110,25.7229153854977
12111,25.656958184866564
12112,25.861736040581363
12113,25.619708603152567
12114,25.746931121024794
12115,25.573952398751533
12116,25.401772226453314
12117,25.269934412308096
12118,25.08912794135162
12119,25.155091329364993
12120,24.99087228009931
12121,24.968229370698925
12122,25.141165205586233
12123,25.184549479028952
12124,25.10945121132307
12125,25.000459461448894
12126,24.714136529899957
12127,24.701770801490213
12128,24.757328697308
12129,24.77265730499157
12130,24.53999812006741
12131,24.496989138711562
12132,24.383126035517424
12133,24.53962575559828
12134,24.82673725271895
12135,24.755360413319035
12136,25.010655083126675
12137,25.256996225444365
12138,25.917378715310402
12139,26.977174097452366
12140,27.192199985919288
12141,27.749818636611728
12142,28.35782151367937
12143,29.114910916324472
12144,29.739757079292776
12145,30.775246340987234
12146,31.806334563886118
12147,32.996192035662226
12148,32.8613718537781
12149,34.045622526807705
12150,34.59659156832515
12151,35.49865489441601
12152,35.54301671960248
12153,36.464170187377
12154,37.04126398199669
12155,37.10026223024057
12156,37.40144152770898
12157,37.52760210197888
12158,37.53290525075866
12159,38.10660609290733
12160,38.861913608327036
12161,39.09823744866473
12162,39.43005279950722
12163,39.62916281442827
12164,39.54635844259568
12165,39.546573039231035
12166,39.6964161861481
12167,39.96742512061764
12168,38.99606238349356
12169,39.481338428025694
12170,39.218224774159665
12171,39.37712069801702
12172,38.58333675105482
12173,38.605619676674145
12174,37.85960746395846
12175,37.130377734982666
12176,37.955676538622626
12177,37.88119770981718
12178,37.63042734258356
12179,37.47382219084239
12180,36.95788402082237
12181,36.60416666164082
12182,36.64661197805143
12183,36.08366247263738
12184,35.68150302767933
12185,35.69797299479381
12186,35.00837441518298
12187,34.761363373806965
12188,34.71412534555053
12189,33.87113274028171
12190,34.07474037371186
12191,33.92034060013567
12192,33.783173050116275
12193,33.73885245597049
12194,33.597129465646745
12195,33.314387772754756
12196,32.91234361634673
12197,32.79209414043835
12198,32.62073690490779
12199,32.797116885794225
12200,32.88676566614285
12201,32.87398532701132
12202,32.33058322646446
12203,31.987724405094628
12204,31.68969654455633
12205,31.522659359895275
12206,31.369032298552895
12207,31.340392747401157
12208,31.119229164326253
12209,31.0296836626688
12210,30.639972081287286
12211,30.490462051749667
12212,30.41289157449402
12213,30.23943177785719
12214,30.1242651336134
12215,30.037051494522608
12216,30.105270632873964
12217,29.756663380838418
12218,29.651050048698497
12219,29.252329908201567
12220,29.467840296810518
12221,29.448023350414026
12222,29.186669883772794
12223,29.17277586553105
12224,29.011610556128698
12225,29.132062955054682
12226,28.623361475108013
12227,28.598939369863224
12228,28.56934430745476
12229,28.583982783218026
12230,28.48522197850015
12231,28.44444940897441
12232,28.28559448999928
12233,28.160899531622952
12234,28.122045714811193
12235,28.01720296283041
12236,28.022569644743207
12237,27.868298004565126
12238,27.72344162707048
12239,27.72811473813262
12240,27.123587172544934
12241,27.153114065547502
12242,27.16225294188213
12243,27.101472721981324
12244,27.42453788624908
12245,27.468203573142006
12246,27.343630616398503
12247,27.13316687351028
12248,27.153730184957993
12249,27.069634102801444
12250,27.112618100651733
12251,27.138841534856336
12252,27.135975051324984
12253,27.015002374572187
12254,26.95993478750661
12255,26.847692836806935
12256,26.85878538872196
12257,26.836125578189492
12258,26.709041828947285
12259,26.5251731757955
12260,26.373098449152234
12261,26.358385525817727
12262,26.224582967874046
12263,26.332047420390097
12264,26.268801613597862
12265,25.747753882784192
12266,25.740485561878625
12267,25.8935675584398
12268,26.126731046344474
12269,25.921843759369615
12270,26.019257446577036
12271,25.81736394118547
12272,25.842161652593028
12273,25.79171140674267
12274,25.867287364800458
12275,25.995129026560836
12276,25.997435259676426
12277,26.122286704343534
12278,26.071376607594843
12279,26.35830834808536
12280,26.541766554423454
12281,27.39867416580626
12282,28.029400346836546
12283,28.46159584977787
12284,29.022643274350276
12285,29.247349814031438
12286,29.43225087024602
12287,29.801692776982982
12288,29.77767317389589
12289,30.000920447930636
12290,30.506664895076455
12291,31.053810532132065
12292,31.38637397216281
12293,31.769262546542908
12294,32.172415073190244
12295,32.60423600474669
12296,32.79729773857854
12297,33.32535162076921
12298,33.59871897994363
12299,33.865758657612744
12300,34.79117375255854
12301,35.88275364897358
12302,36.152858330882836
12303,36.48726515399534
12304,37.86487947924464
12305,37.89985339035554
12306,37.82310714992842
12307,38.258583067411706
12308,38.85766566848438
12309,38.77872432573265
12310,39.46116714739689
12311,39.55105315734281
12312,38.650797864815054
12313,38.102813723656936
12314,38.42945297020729
12315,37.722045009203164
12316,38.15215403029171
12317,38.203518486346944
12318,37.69475421321752
12319,37.83792039804475
12320,37.451041844428765
12321,38.16733715379965
12322,38.22919679648255
12323,37.42089256613574
12324,37.08078909878699
12325,36.92738769200075
12326,36.360122783761426
12327,35.53622070344947
12328,35.417463834230354
12329,35.253586791033975
12330,35.30287691672419
12331,34.856487162491455
12332,34.875328239550555
12333,34.8808226903172
12334,35.01531181948388
12335,35.02576038262769
12336,34.602450498411784
12337,34.50565483309855
12338,33.82992692765717
12339,34.1833593764194
12340,33.38561570309096
12341,33.42869299458645
12342,33.62077260849521
12343,33.1226806416484
12344,32.972900608167734
12345,32.82284761777694
12346,32.740896754218
12347,32.37883637546937
12348,32.31665739377445
12349,32.1331203373892
12350,31.782736623100597
12351,31.71379165552185
12352,31.33107202230298
12353,31.43736548243536
12354,31.129296381304364
12355,31.041908799225723
12356,30.756552847620974
12357,30.4916342695401
12358,29.956970923511566
12359,30.065262294083645
12360,29.81656361428882
12361,30.217420266781502
12362,30.160002047543244
12363,29.733926974837182
12364,29.746026241315736
12365,29.732127408097174
12366,29.69564399290326
12367,29.548141255509027
12368,29.44584293411556
12369,29.46498028238188
12370,29.444841167268002
12371,29.656091293566842
12372,29.396132939784195
12373,29.27378425940086
12374,29.267752879011667
12375,29.257408679755834
12376,29.228664646613936
12377,29.213937094025304
12378,29.23273152870428
12379,29.156049808562805
12380,29.093626653147876
12381,29.083071160496996
12382,29.342838207359037
12383,29.24859816396951
12384,28.7295496724355
12385,28.795954945935755
12386,28.74335749708803
12387,28.74730522044919
12388,28.79118278270158
12389,28.73368068711523
12390,28.548141050531328
12391,28.64608228655637
12392,28.542357310177287
12393,28.36764368010923
12394,28.222621160278436
12395,28.27004064755036
12396,27.495126083426342
12397,27.331755511209398
12398,27.093893247082942
12399,27.24565180244218
12400,27.22362230927876
12401,27.204339285523115
12402,27.125384976625263
12403,27.318349025896715
12404,26.784149536763334
12405,26.68131360235281
12406,26.68675041812155
12407,26.743297678193485
12408,26.73276920012802
12409,26.63144764996746
12410,26.63376775695215
12411,26.49015175561822
12412,26.459367637187846
12413,26.33304163099524
12414,26.090577529789822
12415,25.93711281000876
12416,25.800584018610895
12417,25.559155037647713
12418,25.21767613657914
12419,25.148956758531035
12420,25.127260532917735
12421,25.038461480761335
12422,25.012376021043647
12423,24.865782290654533
12424,24.86968942746227
12425,24.704098311357228
12426,24.669781276080997
12427,24.588033723937777
12428,24.560438915733222
12429,24.680578082335394
12430,24.775955044149235
12431,24.59396521049532
12432,24.444463643747163
12433,24.705139343569982
12434,24.773686585813586
12435,24.978919756224585
12436,25.13432849134365
12437,25.17773066622583
12438,25.454513255165732
12439,25.460530403253877
12440,25.829169427196803
12441,26.173200526473156
12442,26.573431509019912
12443,26.585733005352065
12444,26.95034529220608
12445,27.050403968736326
12446,26.956865099228015
12447,26.981355608454386
12448,27.006970372343908
12449,27.38552914188813
12450,27.657538865280596
12451,27.97890940160727
12452,27.592536783554543
12453,28.03528313698228
12454,28.090867452675244
12455,27.833838433814122
12456,28.385483227461734
12457,28.893334521592152
12458,28.774394078652435
12459,28.444650572359375
12460,28.6537329565599
12461,28.947360204434975
12462,29.22125144737785
12463,28.871668310468777
12464,29.145225271440243
12465,29.25852337164761
12466,29.00416394938812
12467,28.837048004288892
12468,28.576351701164477
12469,28.290406000032476
12470,28.165706498856743
12471,27.696061380061273
12472,27.462420190138197
12473,27.48415037779278
12474,27.417748845400652
12475,27.204600416146686
12476,27.09409317901285
12477,26.796623406338515
12478,26.59294638532892
12479,26.736804836602964
12480,26.465003785340073
12481,26.565162175409732
12482,26.292323925733736
12483,26.266597607063
12484,26.342901075813554
12485,26.312301245479162
12486,26.36193434096902
12487,26.344968900662366
12488,26.713583780255796
12489,26.77805027417295
12490,26.49314326766048
12491,26.556285464041725
12492,26.249751562270546
12493,26.00561318632776
12494,26.078813847913615
12495,25.892886296916128
12496,25.68978534507273
12497,25.300376375547977
12498,25.321691017356866
12499,25.319015398878058
12500,25.132980655936045
12501,25.115050944472983
12502,24.907910515873468
12503,24.770747916118907
12504,24.7576885152365
12505,24.464476744273572
12506,24.281845823905684
12507,24.547808603408853
12508,24.580354759870055
12509,24.441585459663152
12510,24.31413816606668
12511,24.453211503669277
12512,24.455563178875355
12513,24.38036752980442
12514,24.315410178232767
12515,24.55920232078376
12516,24.488789000167838
12517,24.228342681235567
12518,24.500357152702556
12519,24.363559720219527
12520,24.116316277855628
12521,24.244326368003758
12522,24.30144004416586
12523,24.350181498208933
12524,24.230299575822983
12525,24.155728676425653
12526,24.505956536884536
12527,24.362422356989043
12528,23.918707467682296
12529,23.935090866048682
12530,23.921360112567754
12531,23.862181670787294
12532,23.852497073861525
12533,24.014299640771206
12534,24.000693790717126
12535,24.012866522594923
12536,24.02894964362111
12537,24.115257500685765
12538,24.291469799608503
12539,24.464053791465037
12540,24.551668069533996
12541,24.476444930175493
12542,24.26066586231921
12543,24.212696985773015
12544,24.253896371972075
12545,24.389343080699657
12546,24.61443213613676
12547,24.64174594080429
12548,24.72890490999544
12549,24.66972048553111
12550,24.56248400731166
12551,24.657199065795602
12552,24.701817625116615
12553,24.656933574142244
12554,24.908207037564896
12555,24.900253249613865
12556,24.88252848823181
12557,24.730314377396255
12558,24.759282470043736
12559,24.72388004017695
12560,24.66401990132151
12561,24.702795123002115
12562,24.5783237249132
12563,24.71374413546603
12564,24.880576407718472
12565,24.919059558789137
12566,25.216353441694732
12567,25.19872985767656
12568,25.299294385579245
12569,25.457205371048627
12570,25.509290741989602
12571,25.651393802898625
12572,25.669412742759018
12573,25.767679421847255
12574,25.710895148317736
12575,25.66363153970329
12576,25.748812694011814
12577,25.966331745879405
12578,26.000336622425365
12579,26.2278452847793
12580,26.57669547095523
12581,26.778002616711404
12582,26.66272927313432
12583,26.734981317713803
12584,26.561341397205734
12585,26.96968357765403
12586,27.464955496495424
12587,27.880105339388546
12588,27.85760933274427
12589,28.48433802153331
12590,29.413198749910826
12591,29.87104086646597
12592,30.5105156487801
12593,31.17523987461285
12594,31.524911498598442
12595,32.28727706339414
12596,32.333893073281835
12597,32.32317050207869
12598,33.20771923155166
12599,33.12451296318824
12600,34.61100865592193
12601,33.8395798620346
12602,33.492054689402195
12603,33.69753806161154
12604,33.97665770864917
12605,33.69965204914768
12606,34.594724552752545
12607,34.405810112777104
12608,34.833193929329326
12609,34.895716776848225
12610,35.66762150425324
12611,36.0188805188637
12612,35.308171758376
12613,35.10284636342882
12614,35.34616768745614
12615,33.88959579950069
12616,34.689198603542266
12617,34.53610852985864
12618,34.38072681209132
12619,34.49530163482265
12620,34.80929307706199
12621,34.97899618275321
12622,35.10268328885156
12623,34.9595097674063
12624,34.26854217306683
12625,34.2536397765648
12626,33.476487526985345
12627,33.46777852560191
12628,33.50232617543541
12629,32.85833635430688
12630,32.948952004963374
12631,32.702003690599426
12632,32.2972965471041
12633,32.17616688325052
12634,31.935320988661395
12635,31.188154619171172
12636,30.563656026190927
12637,30.47522785035456
12638,30.199114873426325
12639,29.699588574569706
12640,29.169397586813698
12641,29.021362424461422
12642,28.561845115471186
12643,28.494877109984852
12644,28.300774004106216
12645,28.005982636131463
12646,27.47255463668238
12647,27.205987823918772
12648,27.077898557823215
12649,26.76163560170195
12650,26.668694118674516
12651,26.48239377575736
12652,26.233613726723746
12653,26.171717510786653
12654,26.142265980867695
12655,25.984341092545296
12656,26.06107152029179
12657,26.018179467476124
12658,25.57749997266865
12659,25.587475299868817
12660,25.540249701324583
12661,25.35719628167725
12662,24.77137436561989
12663,24.630765020062928
12664,24.476621852396914
12665,24.45073823699614
12666,24.25130353437177
12667,24.260530352078927
12668,24.47149557588136
12669,24.29077539354898
12670,24.064462694922376
12671,23.930735330949943
12672,23.743423523190256
12673,23.91214174987791
12674,23.97239151425707
12675,23.919598688096
12676,23.949191718937445
12677,23.86636293305444
12678,23.758134527711313
12679,23.432585062787705
12680,23.648814420243568
12681,23.60502802065732
12682,23.60010564528475
12683,23.598689219256386
12684,23.631636379251983
12685,23.47093848941455
12686,23.286318411041123
12687,23.5555166806116
12688,23.554285336938324
12689,23.466282710293687
12690,23.427706582781177
12691,23.477567552063217
12692,23.602926652627563
12693,23.589788501336013
12694,23.416274151060833
12695,23.260669134939487
12696,23.097506305220666
12697,22.908501561135058
12698,22.96249624179677
12699,22.89091469258275
12700,23.031112497465994
12701,23.133012937133607
12702,23.149940506952376
12703,23.246606996906056
12704,22.997135264414865
12705,22.968966056105725
12706,23.104821482031088
12707,23.198890171548662
12708,23.3544742421145
12709,23.418892630983073
12710,23.759043835089386
12711,23.918041539624433
12712,24.17978441799137
12713,24.322147194497035
12714,24.510882735396855
12715,24.94984741325936
12716,25.628137924136695
12717,26.336944287759067
12718,26.659124526803737
12719,27.238942644734195
12720,27.243758779492456
12721,27.873768184722532
12722,28.82735858145923
12723,29.17287733579174
12724,29.61592214715488
12725,30.058112550586756
12726,30.508852377633126
12727,30.941227124733427
12728,31.059120863174975
12729,31.507189329310087
12730,32.08663480041917
12731,32.15545348185917
12732,33.19292648590035
12733,34.31096491092805
12734,34.88789124328004
12735,35.26140051629912
12736,35.42065751286868
12737,35.81219673410166
12738,36.50649191388466
12739,36.63562710106275
12740,36.52154237331539
12741,36.985029316431664
12742,37.31793271916108
12743,37.6175529424874
12744,36.82239655689023
12745,36.882457616245325
12746,37.6168096352508
12747,37.65278900864581
12748,37.69625237630724
12749,37.640674675569336
12750,37.54841610232766
12751,37.43436608246959
12752,37.45615109716986
12753,36.937912921629135
12754,36.62942986517513
12755,35.746073970164765
12756,35.25335178178698
12757,35.6205510312559
12758,35.42546111181968
12759,34.71834305172629
12760,34.34903395933416
12761,34.124971314023135
12762,33.938073875661175
12763,33.574619015569105
12764,33.66156070062877
12765,33.60591536266225
12766,33.45585736470676
12767,33.41187397748896
12768,33.26211148036285
12769,32.55895502574809
12770,32.57326428663395
12771,32.4963048425654
12772,32.16777283031913
12773,31.58794512630248
12774,31.379838792453196
12775,31.02812768822702
12776,30.69188885069649
12777,29.260035979424757
12778,28.2506670496642
12779,28.019135172970987
12780,27.908993711377313
12781,27.14170123117679
12782,27.000610643902828
12783,27.06625286789592
12784,26.870838093065906
12785,27.172458504849654
12786,26.82798200010316
12787,26.65891350169485
12788,26.659726334442336
12789,25.943847260640833
12790,26.031025268557155
12791,26.027791467153307
12792,25.396441392981323
12793,25.03911805691487
12794,24.61175301830525
12795,24.58325201692056
12796,24.27559018237768
12797,24.287224350438226
12798,24.310997957694074
12799,24.251397946651863
12800,24.284369105083837
12801,24.418543448044755
12802,24.358776084812387
12803,24.166415660524788
12804,24.234171396927966
12805,24.19327374592441
12806,24.19533399498596
12807,24.204081793409316
12808,24.248373578859788
12809,24.38406575078851
12810,24.287823942239154
12811,24.076832902809745
12812,23.949223098274665
12813,24.142918395728174
12814,23.991940042760906
12815,23.74100778852213
12816,23.637654758971262
12817,23.63120136711374
12818,23.582854806298336
12819,23.567301119152344
12820,23.31458075770887
12821,23.538812273617374
12822,22.863260986318643
12823,22.81477005652594
12824,22.810884070099807
12825,22.672127052133103
12826,22.63584249596465
12827,22.695801373385656
12828,22.492315038647003
12829,22.34713279594147
12830,22.304265083569536
12831,21.999636652638074
12832,21.857051941678204
12833,21.84771739407125
12834,21.777589151696674
12835,21.596717343783062
12836,21.550130646834518
12837,21.51452181021175
12838,21.49153912912988
12839,21.349002798629844
12840,21.305693990162325
12841,21.213863927484955
12842,21.103903238764417
12843,21.087904742470997
12844,21.064997024979448
12845,21.002478208299312
12846,20.905757446144833
12847,20.86022365982377
12848,20.705914268337708
12849,20.721922718330898
12850,20.659025502295464
12851,20.751836687002392
12852,20.916152637104464
12853,20.904624651713092
12854,21.015786912054693
12855,20.895003401914195
12856,20.67888867513422
12857,20.746283812887395
12858,20.849942031466494
12859,21.036984343350333
12860,21.165674055961944
12861,21.236594535308058
12862,21.52111271752345
12863,21.87562199560466
12864,21.834961665739932
12865,22.230285981974156
12866,23.303633350037444
12867,23.893691160892033
12868,24.72709718628534
12869,25.199572058295523
12870,25.7248121171574
12871,26.92771623453952
12872,27.895748437956144
12873,28.82177837859594
12874,30.1811974179116
12875,30.54801070814384
12876,31.012831720375395
12877,32.320819013483366
12878,33.738281356726645
12879,34.73373294969661
12880,35.29768648381711
12881,35.572852451931986
12882,36.225628174211906
12883,37.1221009254223
12884,37.52269282368284
12885,37.758115061061375
12886,38.38145630455996
12887,38.76782830734592
12888,38.17636285629261
12889,39.42529321900986
12890,39.338304689472864
12891,39.52929655051474
12892,39.14004741895338
12893,39.31248602145411
12894,39.44984621977046
12895,39.69332360979569
12896,39.97756129151517
12897,39.057438181992545
12898,39.677498818545835
12899,39.42298300842166
12900,39.13447019692296
12901,39.55490278729879
12902,38.83547686614824
12903,38.63617787888722
12904,37.9535356101123
12905,38.25275942764112
12906,37.73890688798517
12907,38.10403984800958
12908,37.68827378187305
12909,37.29141894460512
12910,37.50993997154624
12911,37.55619889438233
12912,37.493065772023066
12913,36.76604504573365
12914,35.97019446268383
12915,35.67971416761423
12916,35.847056825065515
12917,35.2771747483716
12918,34.754778494528466
12919,34.43283953536349
12920,34.092945981946194
12921,33.96789703844434
12922,33.537585065553245
12923,32.42235545139573
12924,31.890490508483133
12925,31.301684577262776
12926,30.738158457283692
12927,29.720046476160697
12928,29.284217413469555
12929,29.123450569259198
12930,28.727378439538942
12931,28.286993117431432
12932,27.687173851821637
12933,27.353846940572485
12934,27.336269160491586
12935,27.134539888764298
12936,26.419403936642297
12937,25.99407367849844
12938,25.698962702770935
12939,25.45069451015388
12940,25.318323643375926
12941,24.838861744230847
12942,24.832877617251846
12943,24.776400956333664
12944,24.56104287122644
12945,24.269979421303425
12946,24.016187566941205
12947,23.611202331883565
12948,23.60859539015646
12949,23.422807017186965
12950,23.39671969770314
12951,23.131261109530268
12952,23.043565171327266
12953,22.94076264635812
12954,22.781834720675786
12955,22.758732019034756
12956,22.80443674684848
12957,22.658275590846674
12958,22.57496885805866
12959,22.68728815364702
12960,22.438510124464614
12961,22.530257696084952
12962,22.412436332004553
12963,22.093027386375123
12964,21.8420662891957
12965,22.08855835722559
12966,22.026230406414875
12967,21.861091941985226
12968,21.82485627293443
12969,22.113066965529796
12970,22.12809660952129
12971,22.108759611052434
12972,21.984789925513336
12973,22.001964663430215
12974,21.89394277184803
12975,21.706527102645378
12976,21.631881922183496
12977,21.390085818234507
12978,21.042322043282876
12979,21.01421042736009
12980,21.091179459034173
12981,21.17268943963606
12982,21.04678236687212
12983,20.932226067205914
12984,21.07815713537354
12985,21.075191845506392
12986,20.99502655393661
12987,20.953599807648388
12988,20.80684417710377
12989,20.631810833553608
12990,20.469400284582463
12991,20.389410009507618
12992,20.189691776068134
12993,20.05588867792319
12994,19.961091088275758
12995,20.031912849741005
12996,20.001425185003207
12997,20.161987911196864
12998,20.26599524424124
12999,20.592130171713503
13000,20.85709990440777
13001,21.25855884313543
13002,21.83672620649651
13003,22.184383216208687
13004,22.790285626579934
13005,23.280975170500778
13006,23.77352796092216
13007,24.6883711084158
13008,25.48888477827192
13009,26.850917266383266
13010,28.077910863633072
13011,28.317959264555935
13012,28.445315526132077
13013,28.885075476585822
13014,29.461436248534326
13015,30.803407496006354
13016,31.44275059004674
13017,32.26421531447585
13018,32.776104451719405
13019,34.25016698715132
13020,34.397431362718656
13021,36.36083921133973
13022,36.71775301098081
13023,37.266893348393
13024,37.24724462472164
13025,38.258222970470634
13026,38.008819306300566
13027,38.198293996810285
13028,38.918800799578776
13029,40.33528585748826
13030,40.65960023367393
13031,40.60163467658674
13032,40.47230951770547
13033,40.29428124364165
13034,40.501161596568366
13035,40.3734202721484
13036,40.16105772206029
13037,40.4337448945934
13038,40.134459466099806
13039,39.69225024395082
13040,39.55948084152362
13041,39.88105344084418
13042,39.68453726697738
13043,39.45231518263103
13044,39.069024944868666
13045,38.92766120686352
13046,38.92182232591326
13047,38.49816561245511
13048,37.76070851580807
13049,38.16075562352586
13050,37.669421344883645
13051,37.894871392607726
13052,37.92640678566582
13053,37.28466003855218
13054,37.23625396028134
13055,36.63113018192991
13056,36.395123428765274
13057,36.03685567507478
13058,35.761974736464886
13059,35.73105922339872
13060,35.15278601509992
13061,34.74183625684166
13062,34.4320615081968
13063,34.24998614636531
13064,33.99282615730469
13065,33.37939494257254
13066,33.08019494320351
13067,32.6104364788494
13068,32.148015252915584
13069,31.740186603949592
13070,31.191794109946816
13071,30.506037832586237
13072,30.01087657881501
13073,30.052785264300784
13074,29.616960177197832
13075,29.29715445328678
13076,28.98574620664566
13077,28.564768591258986
13078,28.33098150001389
13079,28.102754934357836
13080,28.01844324037749
13081,27.904287153008124
13082,27.516143985188002
13083,26.920039672644965
13084,26.942418059708373
13085,26.821142036252855
13086,26.7061575618261
13087,26.580946641039276
13088,26.532748101029632
13089,26.36086985654245
13090,26.23252923791326
13091,26.144232877319684
13092,26.02946567558452
13093,25.96820929629458
13094,25.762128877742548
13095,25.498043563174605
13096,25.615563647757302
13097,25.691428519236645
13098,25.55869060200129
13099,25.347822135331228
13100,25.51580248919632
13101,25.2969185352027
13102,25.106145319781692
13103,25.030049757869953
13104,24.576277245434596
13105,24.306800949438873
13106,24.108326499176904
13107,23.99449686635482
13108,24.229260441089526
13109,24.182059879880768
13110,24.111776706726506
13111,24.129103629445954
13112,23.84408316269136
13113,23.87790913938486
13114,23.715993550508795
13115,23.654773878851934
13116,23.653363275906354
13117,23.746287761880296
13118,23.69757573399587
13119,23.700582264477
13120,23.549578852270663
13121,23.393362145890084
13122,23.359108093556415
13123,23.32411331488795
13124,23.35186755347073
13125,23.44690048696439
13126,23.183739027412084
13127,23.242783812804518
13128,23.27706341325779
13129,23.47959223462142
13130,23.359609473441417
13131,23.281591453298844
13132,23.231827776473022
13133,23.12655373804212
13134,23.12170384835777
13135,22.903791091284617
13136,22.82457904399542
13137,22.826837114801776
13138,22.70746104757869
13139,22.877414114476274
13140,22.913742135823966
13141,22.8966181801346
13142,23.11750200800099
13143,23.058125438835027
13144,23.290175099158713
13145,23.448692711536523
13146,23.637437992506428
13147,24.011851900838217
13148,24.740162838334996
13149,25.13020362712993
13150,26.146382718792964
13151,26.811101223877756
13152,27.81108297491176
13153,28.557123598392707
13154,29.931496840848286
13155,30.388379871913568
13156,31.305038498044272
13157,32.176004859831856
13158,32.72048173465883
13159,33.752342278025125
13160,33.571625531670584
13161,34.500736948779284
13162,35.0903756870318
13163,35.57625084507523
13164,35.900171561557755
13165,36.288275952714265
13166,36.96912540232187
13167,36.94463776287771
13168,37.44615641429893
13169,37.82450261594399
13170,38.32688356537103
13171,38.853899865176004
13172,39.05974342047671
13173,39.5145031529187
13174,39.3689538264272
13175,39.39815865873309
13176,39.42187158173644
13177,39.4766127077381
13178,38.9275313556291
13179,39.179386981878224
13180,39.40464196716371
13181,39.409464570973
13182,39.35097456648768
13183,39.056726522649456
13184,39.313102996648006
13185,38.54967978179322
13186,37.761743376261094
13187,37.00115245408217
13188,36.80437520293896
13189,37.74510757015273
13190,37.03298605289051
13191,36.37515329400719
13192,36.12192871302855
13193,36.050482067449785
13194,35.61282032596327
13195,35.63075866776225
13196,35.530985780061755
13197,35.16559105751479
13198,35.38008801656174
13199,35.04857895334927
13200,34.375699948909244
13201,34.43656638485924
13202,34.58171622499538
13203,33.97238322391844
13204,33.963190752026925
13205,33.622169028762805
13206,33.448788801417436
13207,32.96136674510684
13208,32.81245847410978
13209,32.76176203000302
13210,32.49302680601289
13211,31.769458778349534
13212,31.464732601887007
13213,30.96106805356486
13214,30.66113748372213
13215,30.330289870018706
13216,30.16093785418522
13217,29.991369177223504
13218,29.651992671886102
13219,29.66954353136466
13220,29.308249184890595
13221,29.011833269054062
13222,28.872924850334805
13223,28.795543903257695
13224,28.529166425308812
13225,28.164928034426147
13226,27.95217937834258
13227,27.92040771938967
13228,27.949385642157512
13229,28.10759054607616
13230,28.28460168824937
13231,28.17071951113394
13232,27.78357330728659
13233,27.851703517575537
13234,27.683227168609523
13235,27.61502403052495
13236,27.40142483412251
13237,27.202438318009314
13238,26.99959673744738
13239,26.670507187737044
13240,26.581635410796558
13241,26.576951306744427
13242,26.38113328351751
13243,26.282968913983314
13244,26.32886031533274
13245,26.300456374931873
13246,26.33533777530907
13247,26.402217793403818
13248,25.634284142957075
13249,25.588650747480973
13250,25.225619855724435
13251,25.11628826100966
13252,25.089660801707538
13253,24.88646696408947
13254,24.770382863515668
13255,24.588953747793262
13256,24.449705498133113
13257,24.64384293939768
13258,24.580246089405215
13259,24.714229503145514
13260,24.680599260492617
13261,24.646834784961463
13262,24.67092766263192
13263,24.700795360983868
13264,24.569172214895897
13265,24.610162881013746
13266,24.281950434524955
13267,24.45929509712603
13268,24.501095090755328
13269,24.41398858003281
13270,24.276001234690575
13271,24.250237609525364
13272,24.073309488699785
13273,24.018398425696546
13274,23.778607970527226
13275,23.758726179622716
13276,23.650935615783606
13277,23.646136887613345
13278,23.472980897374136
13279,23.363727448558432
13280,23.320578881078333
13281,23.316750135927883
13282,23.525668846208443
13283,23.50305960157402
13284,23.290164967972633
13285,23.407134066511862
13286,23.768488950295403
13287,23.683835680299065
13288,23.93482909069112
13289,24.16436023801674
13290,24.32519155940337
13291,24.43431334847306
13292,25.0832954256786
13293,25.65353079776378
13294,25.80382646455791
13295,26.110949245459857
13296,26.112300616638077
13297,26.471703617490242
13298,26.771617292808163
13299,27.29390374177716
13300,27.8219010469134
13301,27.9361591124254
13302,28.770499890749136
13303,29.183934208673797
13304,30.144863231931662
13305,30.64257944579743
13306,30.63716216221433
13307,31.497602914886627
13308,31.597722351853506
13309,31.843877436148663
13310,33.47248266243776
13311,33.90948142293977
13312,34.1180621070549
13313,34.37854112270023
13314,36.350472959931324
13315,36.39253987173161
13316,36.709865933843965
13317,37.377514412351935
13318,38.35875656980865
13319,39.02983535436484
13320,39.29351942769735
13321,39.588871924898534
13322,39.40756389793205
13323,40.28126226513691
13324,39.78946203752213
13325,39.82607921558658
13326,39.05856572303763
13327,38.55097210947817
13328,38.29423395291094
13329,39.223072272208334
13330,38.89169797865912
13331,38.891750151697416
13332,37.997427239149644
13333,38.294737311150215
13334,37.9564470592435
13335,37.131443623088856
13336,36.7685303393237
13337,36.725836240471786
13338,35.94222780825548
13339,35.65911059464629
13340,35.510347836654994
13341,35.56131294003629
13342,35.64775733293551
13343,35.482834011971605
13344,35.50984778166797
13345,35.49794722291906
13346,35.2605533796796
13347,34.85589145142808
13348,34.27125983634312
13349,34.07769109165561
13350,33.61827505650285
13351,33.10740708595233
13352,32.81783496234414
13353,32.47506960537924
13354,32.35522387906285
13355,31.566620008984074
13356,31.26586992945472
13357,31.047843155207975
13358,30.60643201195146
13359,30.31491109365698
13360,29.617613772083484
13361,28.125147702894697
13362,27.79293999678742
13363,27.861501928255773
13364,27.694275072265487
13365,27.4479147449395
13366,27.047166824078207
13367,27.02860180263912
13368,26.793159278087153
13369,26.039133346236323
13370,25.694295057197028
13371,25.592419090899504
13372,25.574779568359418
13373,25.634941552371323
13374,25.519713570391996
13375,25.48408094397373
13376,25.509845684108438
13377,25.488437670903295
13378,25.72426912897894
13379,25.560205656272046
13380,25.510683954965266
13381,25.796167650801387
13382,25.688323010744075
13383,25.581844152174448
13384,25.58093578998481
13385,25.513461962043568
13386,25.630571677883037
13387,25.343918957819874
13388,25.601837252936136
13389,25.682180159716165
13390,25.579328986934566
13391,25.60324459238635
13392,25.04409496818142
13393,24.886116504880135
13394,24.913532198678606
13395,24.927831756661792
13396,24.940364557005598
13397,24.705057323075415
13398,24.550813082506632
13399,24.576559815393228
13400,24.656937162567193
13401,24.44028528167306
13402,24.56707278627156
13403,24.553412127188615
13404,24.48663297904522
13405,24.52091749558153
13406,24.55583719232616
13407,24.3455658842413
13408,24.34607965637783
13409,24.304531156204494
13410,24.324773298450097
13411,24.278737594460722
13412,24.236720614406526
13413,23.977557786337808
13414,24.14833142181839
13415,24.032495764998824
13416,24.10239399465157
13417,24.0227951418662
13418,23.939506744067735
13419,23.929207399035516
13420,23.875212568440833
13421,23.74548749660861
13422,23.737480976061473
13423,23.917862109869894
13424,23.81828160415458
13425,23.88563815488425
13426,23.87966291111102
13427,23.818126110899904
13428,23.97510218739261
13429,24.055751826886898
13430,23.966262662113685
13431,24.065840926192358
13432,24.13430510621205
13433,24.213229874797275
13434,24.195470883892177
13435,24.163461747479214
13436,24.114832846712098
13437,24.266761189408772
13438,24.501277357120543
13439,24.49626848028643
13440,25.115829242886267
13441,25.50324973509544
13442,26.17151493270336
13443,26.520781936306513
13444,26.666519088602676
13445,26.654381094829
13446,27.056995198862758
13447,27.09988415216239
13448,27.373145780345535
13449,27.443189247685268
13450,27.44820304288579
13451,27.95622904981639
13452,28.848851496051207
13453,29.13798871201543
13454,29.535767003119886
13455,29.614023436607184
13456,30.113263035729
13457,30.7990911551804
13458,31.909979679777145
13459,32.358549325281444
13460,32.50312484361811
13461,33.43575021690237
13462,33.11628154698191
13463,33.800972106264574
13464,34.347020300766744
13465,36.729583228902
13466,36.027974295632525
13467,35.658849451391006
13468,36.37391239061279
13469,36.15989357751312
13470,36.22947254638616
13471,35.41313191571704
13472,35.23634271746447
13473,35.8855012031925
13474,34.24486526908333
13475,34.63784127996513
13476,33.63075474686885
13477,33.56011703589481
13478,33.66682807306335
13479,33.74090446765541
13480,33.45119483002716
13481,33.75550989994998
13482,32.48088194056234
13483,33.43022635746863
13484,33.60787819236478
13485,33.60790537842794
13486,34.109066760703406
13487,34.17171333643987
13488,32.90070129568956
13489,33.109642061699404
13490,33.104941442948544
13491,33.017420375417906
13492,32.33824970610267
13493,32.161238822600055
13494,32.019875672840364
13495,31.86629437289055
13496,31.966579286547347
13497,31.788299209082368
13498,31.335247760005746
13499,31.09898287373485
13500,30.56237786636885
13501,30.24446017847508
13502,29.596943488692247
13503,29.459880063739856
13504,29.207743707875785
13505,29.017905993675544
13506,28.449482409832765
13507,27.660266475406413
13508,27.264498394107036
13509,26.91986367677436
13510,26.752210775629077
13511,26.713307442572944
13512,26.60744263675059
13513,26.261443665202354
13514,26.00426568756206
13515,25.92967344264181
13516,25.859733488128434
13517,25.536675672450812
13518,25.302754664616515
13519,25.29308886655261
13520,24.826440781230016
13521,24.692844869236662
13522,24.550860919737627
13523,24.262689767103254
13524,24.197598602385206
13525,24.205728191551344
13526,23.832776724004642
13527,23.6459030185773
13528,23.448986467351308
13529,23.217574495771313
13530,23.120873739008783
13531,23.180705204888003
13532,22.892039840588254
13533,22.931490261626152
13534,22.80626156975907
13535,22.831503683790586
13536,22.71052670843939
13537,22.46131432855807
13538,22.619666533312568
13539,22.02586824299763
13540,21.971028816616993
13541,21.79734469387984
13542,21.54408570148352
13543,21.599224858854463
13544,21.463165379250995
13545,21.59796052784351
13546,21.763111109176243
13547,21.81584231883481
13548,21.837711613886153
13549,21.906203234222374
13550,21.989741036464483
13551,22.03801599087746
13552,22.030410065334248
13553,22.07903489259129
13554,21.98448391637393
13555,22.046392721866457
13556,21.78690841034165
13557,21.639772015245793
13558,21.5062288134865
13559,21.60900151145516
13560,21.716909961259915
13561,21.697913996289728
13562,21.799314267132395
13563,21.91232048545215
13564,21.93776119289407
13565,21.92390178158968
13566,21.768690617481116
13567,21.915965728311487
13568,21.879869985550336
13569,21.886679373279094
13570,21.844250583949016
13571,21.940376310877134
13572,22.076562554442273
13573,22.079866372307045
13574,22.212318694816
13575,22.289436566196
13576,22.528080891900856
13577,22.65037600738045
13578,22.812750962642255
13579,22.930896335822077
13580,23.15672766149526
13581,23.23673828748224
13582,23.584658379132733
13583,23.929900346581135
13584,24.072607532250185
13585,24.515417185163162
13586,25.06702960480337
13587,25.648692607735878
13588,25.91971754808567
13589,26.49616540674339
13590,26.933108529780867
13591,28.257428578101003
13592,28.22734695640909
13593,28.76869338232669
13594,29.529153242744016
13595,29.530549531580302
13596,29.90906105401762
13597,31.018945778956635
13598,31.78015762683705
13599,32.498594289583615
13600,33.000151941524955
13601,33.45449556098637
13602,33.4628369461183
13603,35.30775602597162
13604,35.181247272052694
13605,34.9778921676453
13606,36.05154125474897
13607,35.86020177132189
13608,35.901714657254
13609,35.10841392715088
13610,35.36730605042084
13611,36.39703761335353
13612,36.309181895806695
13613,36.90294555157863
13614,37.350118850124396
13615,36.53577533088948
13616,37.24404313922027
13617,36.430589012454035
13618,37.65530738645583
13619,37.7521023933261
13620,37.318402661185814
13621,38.32042087125995
13622,37.376683141448545
13623,36.826517176049386
13624,36.73848840164282
13625,37.00147881215447
13626,36.47363597338499
13627,36.35062746895702
13628,36.582413052262936
13629,35.729822249467006
13630,35.711352887549594
13631,35.39354397136887
13632,34.60454193432696
13633,34.94033774158878
13634,35.0278717416476
13635,33.65260811902488
13636,33.46252633672724
13637,33.12935973109809
13638,32.350410591485584
13639,32.232208693076934
13640,31.644808414891298
13641,31.388174259627448
13642,31.269081690732293
13643,30.734711222714914
13644,30.402277934110696
13645,30.07827627016897
13646,29.857349488411888
13647,29.453459649184293
13648,28.79450678393074
13649,28.1661272684353
13650,27.778285763800216
13651,27.52821537407207
13652,27.455325165755756
13653,27.189194268658838
13654,26.911598909433806
13655,26.45453126393348
13656,26.05818594773847
13657,25.474085867963595
13658,25.096548559750868
13659,24.860022581111757
13660,24.441587851489558
13661,23.99364135773688
13662,23.951043893731725
13663,23.707109414035493
13664,23.130578455903382
13665,22.749717746387972
13666,22.63812512639925
13667,22.390991456279025
13668,22.092992516207943
13669,21.88572367561866
13670,21.645024325179477
13671,21.48118048015507
13672,21.5042860536479
13673,21.56324605580734
13674,21.633906792370226
13675,21.455150897792198
13676,21.24803026046519
13677,20.77059182714485
13678,20.80370894010963
13679,20.822622301045925
13680,20.50221582144057
13681,20.339791224205985
13682,20.24615644039491
13683,20.269370094544236
13684,20.27543491845056
13685,20.266994848119356
13686,19.949971041883337
13687,19.953084745481192
13688,19.852041148119294
13689,19.69914469904838
13690,19.689997954577056
13691,19.57640432841848
13692,19.58726658675157
13693,19.455299889859628
13694,19.33978987778794
13695,19.217445872583614
13696,19.117365701445095
13697,19.022099652975935
13698,18.985489420280537
13699,19.080501540721944
13700,18.91646105592134
13701,18.93098449463831
13702,18.872128447445316
13703,19.026321397446747
13704,19.224323772001647
13705,19.12079541479108
13706,19.34585819706704
13707,19.187589023167657
13708,19.114374129915028
13709,19.160593272499856
13710,19.07651150733862
13711,19.270508806791167
13712,19.09771623611661
13713,19.26613364685445
13714,19.28104882595821
13715,19.380561996802257
13716,19.5794917598392
13717,19.872188217077476
13718,19.774344677299325
13719,19.986809520184362
13720,20.288928023699334
13721,20.425284238986944
13722,20.53346922778727
13723,20.581658705294462
13724,20.803334659780795
13725,20.804743475091055
13726,21.216969637920414
13727,21.49134842983832
13728,21.905067493223225
13729,22.683986240753104
13730,23.310174612714192
13731,23.93955257515558
13732,24.097691995426015
13733,24.783701610933925
13734,25.294353972531827
13735,25.71808006482461
13736,25.845899750899687
13737,26.141449900464742
13738,26.473255719109254
13739,26.91407574827399
13740,27.426955823166914
13741,27.888819370093223
13742,28.25880965766624
13743,28.546937521798696
13744,29.023210224355523
13745,29.602726322715224
13746,29.760400242626424
13747,29.45713020443135
13748,29.816035803824434
13749,29.99740289042635
13750,30.631143528498082
13751,31.077280944604063
13752,30.877109024197125
13753,31.053113826717873
13754,32.714999351527126
13755,33.09981326034172
13756,32.76056965640497
13757,33.23075502741507
13758,34.048574359989196
13759,33.82313901787884
13760,33.88378959124558
13761,33.934033558261646
13762,34.1055648601614
13763,33.9140260664492
13764,33.058565904820085
13765,32.622992989485326
13766,32.52461710552132
13767,32.20492628155233
13768,31.885016234865
13769,31.45517980284108
13770,31.392791120676687
13771,30.897277882522868
13772,31.260067602672827
13773,31.562586354703534
13774,31.56665872577529
13775,30.92651755273668
13776,30.891727646317904
13777,30.77639892403927
13778,30.161694765964317
13779,30.30319665210692
13780,30.381494063830043
13781,30.063845514388557
13782,29.684990741501178
13783,30.15503173105807
13784,29.898887098027416
13785,29.65951370828404
13786,29.153938000138943
13787,29.554608185167872
13788,29.29095966764481
13789,28.527724053256723
13790,28.216911126822257
13791,27.605308290377128
13792,26.968100717346108
13793,26.805818397320664
13794,26.19056386512419
13795,25.98571447478865
13796,25.68860623178438
13797,25.317059484545783
13798,24.818071443750572
13799,24.429919582954334
13800,24.329756990518636
13801,23.91740387878748
13802,23.58434420016744
13803,23.39228766723565
13804,23.320467025696615
13805,23.10441642667899
13806,23.11683579839152
13807,22.92550407441642
13808,22.865190948852874
13809,22.68969189809875
13810,22.604529699459302
13811,22.335420841524204
13812,22.22362967451554
13813,21.93843886993855
13814,21.9923200432154
13815,21.951126378886528
13816,21.581072444347594
13817,21.45677793598549
13818,21.253810804271954
13819,21.08963543646662
13820,21.14156742153937
13821,20.95910285997035
13822,20.877365446977457
13823,20.509576224623732
13824,20.352289075142796
13825,20.102358153088993
13826,20.119190197114428
13827,20.04092116935276
13828,19.918280027055694
13829,19.79169650814698
13830,19.396027953667247
13831,19.328340582476798
13832,19.32740111195573
13833,19.370405073560153
13834,19.276261377905218
13835,19.309797271491274
13836,19.25122014637563
13837,19.41431790812503
13838,19.326138690062418
13839,19.314039639447618
13840,19.212750587024498
13841,19.1885045775166
13842,19.029256272625567
13843,19.10893825143587
13844,19.107645861014102
13845,19.325325782862453
13846,19.243637071258668
13847,19.204979861760787
13848,19.355968804505668
13849,19.428722239715302
13850,19.49720309134359
13851,19.39227877092074
13852,19.399019094260417
13853,19.227260745319082
13854,19.26481964568643
13855,19.27924748460988
13856,19.278022296576257
13857,19.27862624861623
13858,19.384073469584678
13859,19.37313856639334
13860,19.53685611832827
13861,19.64042184160486
13862,19.78408327970465
13863,19.861656387143423
13864,19.89363885689541
13865,20.025896779211244
13866,20.04295727074448
13867,20.42259551897536
13868,20.614559914852585
13869,21.13349349479551
13870,21.719257533672412
13871,22.607183392939824
13872,22.919775183316407
13873,23.991108678167496
13874,25.191370972106682
13875,25.489416179329307
13876,26.925753746496085
13877,27.725205650989594
13878,27.632111622721826
13879,28.57729527055659
13880,29.66025427040895
13881,30.488814852423726
13882,30.985461500124902
13883,31.914147938558955
13884,32.09270025728574
13885,33.870566845382385
13886,34.75870322539312
13887,35.80950759510687
13888,35.87403285171246
13889,36.87267028505646
13890,37.25639986855052
13891,37.510778451536886
13892,37.816191653316146
13893,37.77001550884922
13894,38.02065723930721
13895,38.39140858824444
13896,37.77511031570609
13897,37.89765132640246
13898,38.00594175432223
13899,38.12445255269268
13900,37.75437334242134
13901,37.55884129276513
13902,38.34434033403567
13903,38.205794760122586
13904,37.94706234807105
13905,38.38731705318999
13906,37.733826694435294
13907,37.711244193213325
13908,36.465578516063
13909,37.12850954945959
13910,36.93377865387479
13911,35.53942428070868
13912,35.57474277180525
13913,35.67685317513111
13914,35.546617527219965
13915,35.37395961167908
13916,35.62657084670258
13917,35.486329838942716
13918,35.23343565850841
13919,35.01610625241827
13920,33.94101528025005
13921,33.089715659330544
13922,32.54272350769165
13923,32.4121677752336
13924,33.00829624134314
13925,32.74988260997945
13926,32.657952607225106
13927,32.749855962777055
13928,32.25422243025291
13929,31.575168370162913
13930,30.839467963876096
13931,30.290710134143666
13932,29.92509225291194
13933,30.038323710424976
13934,29.00075338319765
13935,28.551976618403575
13936,28.24334451325964
13937,27.926435462988255
13938,27.15844513012863
13939,26.818114664227
13940,26.778028124620967
13941,26.195313833135682
13942,26.0504366278343
13943,25.747475968031704
13944,25.580025878850986
13945,25.386255478207953
13946,24.840385787183642
13947,24.452869592041797
13948,24.223290089829856
13949,24.16135156252689
13950,23.99357199786351
13951,23.91993915723812
13952,23.544192170676713
13953,23.45422305354696
13954,23.344129944672932
13955,23.092489964433813
13956,22.68560526971762
13957,22.52831008503983
13958,22.437979610648327
13959,22.436524039292426
13960,22.277196963119934
13961,21.9491804182927
13962,22.133897729965007
13963,22.004232063993356
13964,21.7866181965356
13965,21.622023881735196
13966,21.685428360262957
13967,21.162117187736893
13968,21.079333547965497
13969,20.93471522670091
13970,20.77652364619396
13971,20.60107961853036
13972,20.687953702809054
13973,20.44375756122882
13974,20.29168934674284
13975,19.984727004865295
13976,19.91157899993853
13977,19.881926229446893
13978,19.90572468212646
13979,19.783018143823654
13980,19.608365702133035
13981,19.657797919828283
13982,19.445731288735516
13983,19.434448648075456
13984,19.395003074992008
13985,19.37973456579962
13986,19.316409483387552
13987,19.105237102754632
13988,19.142162397676643
13989,19.110542295309934
13990,19.148061974285692
13991,19.23977806095354
13992,19.161911513644604
13993,19.23713318319091
13994,18.950042783058258
13995,18.94692293393159
13996,19.04191962022493
13997,19.099046815982494
13998,18.831708543836488
13999,18.865547374520883
14000,18.78750275353642
14001,18.8931189377921
14002,18.89151464059265
14003,18.97334787608256
14004,18.97957810901324
14005,18.922607930601156
14006,19.11450143158725
14007,19.1903799516234
14008,19.35684220958058
14009,19.486526935353975
14010,19.675918179575664
14011,20.04727275252446
14012,20.758778547390975
14013,20.783040376015666
14014,21.168774257633004
14015,21.94394930113327
14016,22.099187217097104
14017,22.69685273044937
14018,23.424775527379147
14019,24.286542907429855
14020,25.366942208483053
14021,26.215821834316447
14022,27.942546281313394
14023,29.15330464623998
14024,29.887785939007337
14025,30.719521729659483
14026,32.071929975823586
14027,33.09361917089983
14028,33.931775722776685
14029,35.24621997454169
14030,35.76319569221051
14031,36.28547273017365
14032,36.84021849961198
14033,37.20062506401146
14034,37.76839585443802
14035,38.00478107478683
14036,38.04842555562584
14037,38.65671600296928
14038,38.80260992966753
14039,39.44828532029
14040,39.064468024390806
14041,38.75364238233895
14042,39.01477620608617
14043,39.04961986100336
14044,39.039590100083956
14045,39.14708901925104
14046,39.34470692977097
14047,38.97183318012756
14048,38.5158139025885
14049,38.69407278463391
14050,38.31825335899403
14051,39.0200038343751
14052,38.63631729634016
14053,38.75685723176527
14054,38.34638956886071
14055,37.82926485876506
14056,37.63324535773453
14057,37.814920283547764
14058,37.95151218223421
14059,37.44912223314742
14060,37.744198946779726
14061,37.47632248617147
14062,37.267784316249234
14063,36.63373165793096
14064,36.089412156653104
14065,35.76666885695435
14066,35.29860285109699
14067,35.454389473910005
14068,34.77024365179254
14069,34.12418471740304
14070,33.8180272745035
14071,33.09788767262181
14072,33.1410401704913
14073,32.42674105235443
14074,32.05463743955725
14075,31.701746424830283
14076,31.535139307647263
14077,31.324936082713222
14078,31.127673240454662
14079,30.335989058826964
14080,29.81618285208145
14081,29.661999388125583
14082,29.13275299282788
14083,29.030276260248225
14084,28.698604221444374
14085,28.108572568241232
14086,27.857470217187384
14087,27.68863787705829
14088,27.65537085847447
14089,27.59185859412498
14090,27.396431202442
14091,26.858620317249883
14092,26.981045966982574
14093,26.504345386127394
14094,26.22459664688555
14095,26.222864852531952
14096,26.10555884270271
14097,26.037174247530196
14098,26.015621627769956
14099,25.921629036261855
14100,25.807098882982867
14101,25.750333783563292
14102,25.88746501343369
14103,25.73360803434039
14104,25.575734897563688
14105,25.52887219004892
14106,25.412352101139938
14107,25.34724669078498
14108,25.13076792474124
14109,25.239955200359
14110,25.30875086798528
14111,25.281103369084217
14112,24.708693905219537
14113,24.75533741196591
14114,24.743081895375973
14115,24.48259788626507
14116,24.380967519074687
14117,24.239289228878786
14118,24.08095142497725
14119,23.765090877178285
14120,23.42662438888976
14121,23.052141858723203
14122,22.890309919074554
14123,22.660711695223146
14124,22.590219752703852
14125,22.638373541775554
14126,22.581401952115897
14127,22.509260688144792
14128,22.511667433219195
14129,22.52047652311389
14130,22.53560711275478
14131,22.542797084964185
14132,22.475628119363453
14133,22.528567063363933
14134,22.41633259989537
14135,22.384239406715338
14136,22.517697169236914
14137,22.232953780279573
14138,22.20827463351888
14139,22.20121364641175
14140,22.170211593050205
14141,21.854548195008146
14142,22.049476019369017
14143,21.95239693441964
14144,21.87707513057322
14145,21.815908146446787
14146,21.504273650773428
14147,21.661490803415443
14148,21.708710688707487
14149,21.745888941681056
14150,21.67182358096222
14151,21.439662507734987
14152,21.66119230561765
14153,21.521435960064366
14154,21.46616212001686
14155,21.490139648092974
14156,21.217487929388888
14157,20.852580393260126
14158,20.851351409911697
14159,20.729040023855358
14160,20.73399540518459
14161,20.622959144917175
14162,20.41913405840877
14163,20.326483959241628
14164,20.296529875936976
14165,20.2619053274463
14166,20.10088337784498
14167,20.20548092424313
14168,20.347026097395855
14169,20.51942614169481
14170,20.711426662151016
14171,20.950411511468957
14172,21.10048945400649
14173,21.51456003084647
14174,21.599358257302093
14175,21.879875863846774
14176,22.183716157655095
14177,22.104217141094264
14178,22.516619223777344
14179,22.471754964436435
14180,23.224959326122296
14181,23.291462893546026
14182,23.52552992598097
14183,23.94800936698465
14184,24.019992660109157
14185,23.884701055578034
14186,23.969928532263115
14187,24.376221736289725
14188,24.195043652621433
14189,24.13927997116372
14190,24.314302408749832
14191,24.415024080123672
14192,24.779755964578996
14193,25.05120901984754
14194,25.28177620035701
14195,25.3674255683571
14196,25.531958674687818
14197,25.698359215936716
14198,25.766673754173006
14199,25.65266803045631
14200,25.85120515510707
14201,26.07355781079639
14202,25.968270632933372
14203,26.354298879031248
14204,26.74129874656866
14205,26.863223871533698
14206,26.943932833330106
14207,26.717832326087443
14208,26.58480786689513
14209,26.869352483531642
14210,26.96990702976297
14211,26.69276181487774
14212,26.60236789736993
14213,26.693565818484345
14214,26.596133471883
14215,26.706938964131965
14216,26.193311163019914
14217,26.17637370120025
14218,25.92189416275877
14219,25.74467741646482
14220,25.61212048140223
14221,25.544000303443568
14222,25.41897133828914
14223,25.06968772208939
14224,24.75870169497247
14225,24.13511583277792
14226,23.699387140511863
14227,23.40715964470778
14228,23.406961282721575
14229,23.291539996431897
14230,23.119624112929817
14231,23.13083490620014
14232,22.859512061246143
14233,22.779403458234505
14234,22.492627268494378
14235,22.358287805560177
14236,22.161552816853092
14237,22.121613672802983
14238,21.92657796481674
14239,21.967557061889035
14240,21.97912120501133
14241,21.962790719742728
14242,22.03248833016397
14243,22.032092389477512
14244,21.994692077343938
14245,21.81576159531457
14246,21.779770213621948
14247,21.510606858332732
14248,21.481679560740275
14249,21.468503051908712
14250,21.22703872006446
14251,21.27179232288939
14252,21.32272675251015
14253,21.33828359425615
14254,21.40510518029293
14255,21.244466282465474
14256,21.22859773479533
14257,21.074318084639373
14258,21.10710059824275
14259,21.07637589199608
14260,20.934259845597673
14261,21.07256177269324
14262,20.968616427910067
14263,21.088188956121666
14264,20.971198896539953
14265,21.10739152130727
14266,21.08587691474046
14267,21.165570090726217
14268,21.167222249163032
14269,21.051742109311242
14270,21.142163850753175
14271,21.204919743583943
14272,21.146826534754876
14273,21.275134065787032
14274,21.29091330174372
14275,21.217976715708556
14276,21.228131804977163
14277,21.05511388096287
14278,21.256153468877372
14279,21.20362583863166
14280,21.427879024682316
14281,21.162623980724604
14282,21.147853943313258
14283,21.206745756539252
14284,21.179209319490123
14285,21.285520864119484
14286,21.273183398462614
14287,21.304097937853953
14288,21.06847341445307
14289,21.071108087821642
14290,21.111056310354236
14291,21.207809027976676
14292,21.294922455394943
14293,21.4208146032251
14294,21.479221092072788
14295,21.47787328308624
14296,21.551506231302575
14297,21.514790547092716
14298,21.692623318345614
14299,21.61946950546166
14300,21.683385446099923
14301,21.95505288593004
14302,21.798158230404756
14303,21.925678514995603
14304,22.078533643392188
14305,22.213155188911983
14306,22.523418115390832
14307,22.628562420199344
14308,23.016384343705088
14309,23.550251772490743
14310,23.66651733628303
14311,23.667237990826234
14312,24.111850784054415
14313,24.714035014355808
14314,25.002730072291584
14315,25.065103358178558
14316,25.481396440869318
14317,25.880562103141234
14318,26.055005632118004
14319,26.251733193981785
14320,26.675709209428714
14321,27.072442478491126
14322,27.81888229063696
14323,29.160925204080737
14324,30.0992302302004
14325,30.292482411828857
14326,30.888464655289933
14327,31.372566751913645
14328,31.335328023293165
14329,31.87666143295171
14330,32.29403652564695
14331,32.40063808158596
14332,32.31796289974025
14333,33.597940295260926
14334,32.862270771267895
14335,33.57417833935763
14336,34.16922605715853
14337,33.7696206865766
14338,34.03456250241708
14339,34.17315269663417
14340,33.819474997243894
14341,33.618911463121876
14342,33.80966631006569
14343,33.09400124485663
14344,33.78419507473123
14345,33.753367369816516
14346,33.68926602734217
14347,32.73085589077569
14348,31.795557152428433
14349,32.32696247919282
14350,31.550043272835552
14351,31.71491490714789
14352,31.620572441280807
14353,31.819735023839904
14354,31.768210947348823
14355,30.638171339558276
14356,30.431112815212913
14357,30.258333198176896
14358,30.091945901256
14359,29.786134618793582
14360,29.288819395546966
14361,29.12915360683127
14362,29.16825044626377
14363,28.666720922570878
14364,28.507789021429296
14365,28.04505354248965
14366,27.7483026916934
14367,27.08624116226768
14368,26.847918260804462
14369,26.62637316445019
14370,26.235661867286737
14371,26.213345757903863
14372,25.979541859178518
14373,25.594062715002533
14374,25.21131252654472
14375,25.22717611528325
14376,24.757305700423696
14377,24.442020406349133
14378,24.369057137697567
14379,24.38657871572237
14380,24.107292319530483
14381,24.04437946752695
14382,23.971650168296183
14383,23.99101770626987
14384,23.902640683218408
14385,23.723342081884685
14386,23.7551737409452
14387,23.679608935110192
14388,23.533974394013047
14389,23.592323796281313
14390,23.439750926102406
14391,23.282435185286683
14392,23.159978565182396
14393,23.1679622016991
14394,23.105966094220236
14395,22.867507411500625
14396,22.70163217259419
14397,22.58163790987468
14398,22.436520450581117
14399,22.145974731693105
14400,21.851898024084658
14401,21.864941302052646
14402,21.8098742792547
14403,21.814844475169153
14404,21.872811488080036
14405,21.85661093926765
14406,21.71794958286854
14407,21.766936199979178
14408,21.771018788904968
14409,21.814000012337853
14410,21.731530819411986
14411,21.566454333980836
14412,21.5879969089633
14413,21.471602517925227
14414,21.430834667501134
14415,21.265916749173556
14416,21.383030747141962
14417,21.36732267235452
14418,21.39948965926525
14419,21.36649899125428
14420,21.36756844519077
14421,21.256156200225046
14422,21.07348746526943
14423,21.25366656617453
14424,21.368459359682355
14425,21.4441587916743
14426,21.46116015563615
14427,21.37777275615154
14428,21.40423407332923
14429,21.386718703165812
14430,21.375672073272927
14431,21.423801430795077
14432,21.370042750042817
14433,21.30286653979619
14434,21.41180237496529
14435,21.607027901695307
14436,21.611408322028332
14437,21.748682518239942
14438,21.92036537331018
14439,21.72460237742045
14440,21.8955322783106
14441,21.90764892443423
14442,22.103778086014074
14443,22.21183387127669
14444,22.355441267180638
14445,22.45178100729476
14446,23.040328325249508
14447,23.160022056064754
14448,23.689673653979636
14449,23.82232858897323
14450,24.622253299366797
14451,25.67359819140455
14452,26.105030905289105
14453,26.448907553314132
14454,26.741143552307825
14455,27.0703889227841
14456,27.678845319541868
14457,28.166192394108254
14458,28.92306468625526
14459,30.474740395753162
14460,30.45545169704724
14461,30.76380309549849
14462,31.23749198744638
14463,31.552769137981134
14464,31.808317863323673
14465,32.232425625691135
14466,32.626319575999595
14467,32.697505238526
14468,33.27569601362389
14469,33.099951853306685
14470,33.204837739205445
14471,32.90773300643024
14472,32.66810916524905
14473,32.84799546871219
14474,32.60304343181625
14475,32.18832690039008
14476,32.049735141974
14477,32.05271746763308
14478,32.16117329361703
14479,31.62712282118542
14480,31.832594150045605
14481,32.01275227453101
14482,32.43989904219445
14483,32.36728171059048
14484,31.386955325899685
14485,30.883442419874843
14486,30.3681795672551
14487,30.28697296846304
14488,29.619728267031498
14489,29.403401213279686
14490,28.306338688648246
14491,25.495764740166745
14492,24.04309389367657
14493,23.090665555475518
14494,22.81369595746393
14495,21.867399903099507
14496,21.784139961161177
14497,21.857291632091638
14498,22.23732891601898
14499,22.472080478288483
14500,22.48562842734354
14501,22.908090251437375
14502,22.970943968551797
14503,22.8676903360647
14504,22.9168518786373
14505,22.99575399668592
14506,23.127710572983794
14507,23.17485922491069
14508,23.05862999252166
14509,23.019351551071086
14510,23.002929686094866
14511,22.787166190133835
14512,22.378825484182812
14513,22.131867815163943
14514,22.009725888858082
14515,22.22972322418823
14516,21.916869443179674
14517,21.950258067202494
14518,21.69928592901326
14519,21.771536133628206
14520,21.716906856758317
14521,21.56469858659191
14522,21.505885166517874
14523,21.26437292458754
14524,21.56454986678255
14525,21.84707458380862
14526,21.671969038039236
14527,21.57036273383377
14528,21.510273062817976
14529,21.57041376743936
14530,21.633083576451693
14531,21.754172802074464
14532,22.171690876330665
14533,22.035876675138447
14534,21.96960531548504
14535,21.81279732931696
14536,22.03983245936048
14537,22.069462545536588
14538,21.971414433155037
14539,21.62747126300634
14540,21.092522914974005
14541,21.047866213354006
14542,21.01702958396464
14543,20.94261429508402
14544,20.671591659319073
14545,20.36503721894039
14546,20.219503581148608
14547,20.35443111663989
14548,20.100501312509255
14549,20.205989484819643
14550,20.02793408302981
14551,19.906885521875044
14552,19.84453721141663
14553,19.91442419795519
14554,19.799456244833127
14555,19.749651725174754
14556,19.74160838391815
14557,19.7486106539114
14558,19.89812980736307
14559,19.93000343160436
14560,19.958560609540367
14561,19.873332862092827
14562,19.87004715219854
14563,19.877245162635184
14564,19.59901743390061
14565,19.510221170534525
14566,19.514936305288824
14567,19.437103923196627
14568,19.201429081740258
14569,19.138890021921483
14570,19.08168985125547
14571,18.986497257804295
14572,18.72549701564296
14573,18.735228908517605
14574,18.583343766151437
14575,18.64389141404969
14576,18.548213278431692
14577,18.46144664508953
14578,18.49331196573479
14579,18.579562463338558
14580,18.746365049199994
14581,18.79850921654881
14582,18.955075932868855
14583,19.076394339782777
14584,19.058152064850876
14585,19.18521510185099
14586,19.338058333895432
14587,19.746741247016107
14588,19.948061673188043
14589,20.177892439717997
14590,20.781185915809388
14591,20.64215658387643
14592,21.319314338722673
14593,21.92505511213239
14594,22.954499698978868
14595,23.04113000191421
14596,23.767016696303944
14597,24.437556554450694
14598,25.43285853535795
14599,26.285936943814146
14600,26.99694354101093
14601,28.124474038181784
14602,29.567393517728725
14603,29.65763728823135
14604,30.038668606694536
14605,31.229099111669317
14606,31.226348042868754
14607,32.35100760447545
14608,33.93949604751487
14609,34.04697922651341
14610,34.84606084266607
14611,35.4527816801935
14612,35.82197172858267
14613,35.20335198407894
14614,34.88083408368503
14615,36.41947146318734
14616,37.18274693461481
14617,37.08494174289215
14618,37.23196909917569
14619,37.25480863651298
14620,36.72634975020282
14621,37.20456411838209
14622,37.35084228247473
14623,37.03422351289986
14624,37.435992677501716
14625,37.36865531209492
14626,37.20943006541309
14627,36.736723629313666
14628,36.511151461896326
14629,36.075939150600206
14630,36.24472133042857
14631,35.853602178265696
14632,34.81579725243011
14633,35.208507979649426
14634,35.068293088790114
14635,34.061927607157706
14636,33.70291099838976
14637,33.88569626809729
14638,33.42929089551184
14639,32.26877210469601
14640,31.82399210543386
14641,31.75323415118872
14642,31.58668752070852
14643,30.71020527467679
14644,30.89285077578664
14645,30.34655488942175
14646,30.181224993117723
14647,29.34123313090341
14648,28.812288498284538
14649,28.789050546461656
14650,28.484826703101923
14651,27.40351157110397
14652,27.38722545827882
14653,27.16496287676112
14654,26.539486678072254
14655,26.307877714512504
14656,25.7838022758385
14657,25.192648057338378
14658,24.37222251064317
14659,23.976529930327196
14660,23.611770210939863
14661,23.343605414078155
14662,23.13753873013887
14663,22.827937559104164
14664,22.793408404026266
14665,22.58363349877537
14666,22.489942951232038
14667,22.22599258882589
14668,22.268895295893515
14669,21.70800173759443
14670,21.45559313764542
14671,21.44190355543261
14672,21.388905797681307
14673,21.386136083319936
14674,21.359859694053252
14675,21.152716165879472
14676,21.09917389583553
14677,20.866778991968715
14678,20.632989003114005
14679,20.53405268359462
14680,20.419680151441668
14681,20.40230200793416
14682,20.298391098673765
14683,20.076721194303527
14684,19.924238668074306
14685,19.77282188978195
14686,19.620191813832125
14687,19.670572986492484
14688,19.36347686737283
14689,19.31024641930267
14690,19.19551074706615
14691,19.229130917673334
14692,18.99425550305952
14693,18.987461090334858
14694,18.846609481298923
14695,18.861491652447217
14696,18.778773543405126
14697,18.792650272221334
14698,18.614663800561498
14699,18.477679534440252
14700,18.442499242667072
14701,18.137108799587764
14702,17.98312505160109
14703,18.027621713585848
14704,17.949166135784765
14705,18.015996288726708
14706,17.764431743149373
14707,17.81144840275985
14708,17.833778513662462
14709,17.621125009356422
14710,17.59835314562791
14711,17.371655986732975
14712,17.23022602338701
14713,17.079707432352546
14714,17.110842904682485
14715,17.067362943089353
14716,17.04845114731795
14717,16.96642646527455
14718,16.948393137067146
14719,17.097053320271772
14720,16.983008680324232
14721,16.885772197391212
14722,16.859590168184507
14723,16.916412831775077
14724,17.049890073594078
14725,17.266365741591656
14726,17.354123954946264
14727,17.848551161598717
14728,18.11430173519545
14729,18.35622238977448
14730,18.6214479372788
14731,18.914796650356617
14732,19.56662980701951
14733,19.94981339433454
14734,20.973668483958598
14735,21.657817484925808
14736,22.280472405142532
14737,23.167882619017437
14738,24.146686100231804
14739,25.661957899383893
14740,26.32778869489093
14741,27.31959055973057
14742,28.29715751183057
14743,29.439261795386642
14744,31.518703198962143
14745,32.66761637283469
14746,33.574481403321414
14747,33.550944947607725
14748,34.00257841035986
14749,34.22210226788462
14750,34.660561330151175
14751,34.976870602947805
14752,35.025479718683286
14753,35.60508096297298
14754,35.7646800498756
14755,36.13636538172966
14756,35.690076381656276
14757,37.10187738776272
14758,37.27451529337152
14759,37.03362513105719
14760,36.53336186996883
14761,36.670753252887906
14762,36.675299288750736
14763,36.58009851948767
14764,36.07392683371461
14765,36.63554400320691
14766,37.13870595177136
14767,37.294895306224156
14768,37.11662813373142
14769,37.20766148469823
14770,35.66760560434242
14771,36.007231910160186
14772,35.84551878632704
14773,35.93128596162028
14774,35.03681834396838
14775,34.51579173864586
14776,33.59513192213998
14777,33.675755954512205
14778,33.17654214907533
14779,32.880551875134806
14780,32.91879605405798
14781,33.09823569548565
14782,33.4320657575043
14783,33.08308615362932
14784,32.6133329973038
14785,32.660947330381326
14786,32.15455563574791
14787,32.51298113405349
14788,32.31075005891149
14789,31.777987437739018
14790,31.576749613853146
14791,31.412037368008548
14792,31.565556467625086
14793,30.818988170158246
14794,30.587265413119837
14795,30.020166056546202
14796,29.675791916855182
14797,29.313529301431522
14798,28.909386421190405
14799,28.20838736671785
14800,27.5755851686881
14801,27.110162247942323
14802,26.63091000203649
14803,26.087102680183197
14804,25.42365434044749
14805,24.837286054108773
14806,24.35659053887229
14807,24.12037775482294
14808,23.613847802721587
14809,23.528516183846733
14810,23.121745504921126
14811,22.71483832369217
14812,22.880088354243167
14813,22.824263451100514
14814,22.58212650126254
14815,22.2414017421493
14816,22.120657880361115
14817,22.13493477135082
14818,21.728417553113
14819,21.808910539371183
14820,21.733128643565006
14821,21.829001751328715
14822,21.47068449860562
14823,21.418062023416194
14824,20.997525293345692
14825,21.0029370876985
14826,20.84609418111531
14827,20.456292057214462
14828,20.413286855173542
14829,20.326881303142486
14830,20.288605012771
14831,20.09698013717359
14832,19.957326545753936
14833,19.74227988501809
14834,19.46505732922456
14835,19.546110067577846
14836,19.50777240562411
14837,19.365185557999695
14838,19.273404889003746
14839,19.270370431677108
14840,19.271904072308384
14841,19.198637281040735
14842,19.117812769637425
14843,19.03088656559466
14844,18.94346723182019
14845,18.86815378561231
14846,18.700552247718484
14847,18.724643510022297
14848,18.77311003016706
14849,18.496939258239895
14850,18.3753035802359
14851,18.322307725835326
14852,18.24338349885559
14853,18.15136772873552
14854,18.097325330585335
14855,18.08942288706492
14856,18.038917469690638
14857,18.07316587026581
14858,18.034849345079135
14859,18.024233634438755
14860,18.00179705197451
14861,17.96458426338395
14862,17.939345036974252
14863,17.764940938895798
14864,17.90324053960983
14865,18.07931711424671
14866,17.79888739456402
14867,17.685659479486013
14868,17.96570638666104
14869,18.075777398777415
14870,18.458943372934275
14871,18.605648950021113
14872,18.681687114107604
14873,18.978257777977223
14874,19.289459883297877
14875,19.62410700368923
14876,19.902727765265514
14877,20.19999608072056
14878,20.494353253278792
14879,20.524822420378083
14880,20.69721401441984
14881,20.93640857354205
14882,21.36984620170803
14883,21.74753846790656
14884,22.074978364741384
14885,22.770483566027334
14886,23.318312090208373
14887,24.318842287411826
14888,25.25057388530573
14889,26.638365265024106
14890,27.883822993128323
14891,29.024892013218984
14892,29.361568535171266
14893,29.939446322803644
14894,30.453882935754788
14895,31.196790822986568
14896,31.844869127872816
14897,31.912810759141344
14898,33.61173097195653
14899,33.627622883307595
14900,34.72574102040188
14901,34.141539020048064
14902,35.259683557553615
14903,35.06463855769736
14904,35.161104779348356
14905,34.89774899048205
14906,34.99255838584999
14907,35.24249581967251
14908,35.1066676338489
14909,35.89228355454137
14910,35.59279147215913
14911,35.417638224789954
14912,35.39433714857974
14913,35.86190838261456
14914,36.211784309883285
14915,36.30417943122035
14916,36.194372943834054
14917,35.46096650251652
14918,35.81147833099717
14919,35.33817316051267
14920,35.098072387316115
14921,35.05963419549812
14922,35.12914574774982
14923,34.62235706205241
14924,34.3049926896935
14925,33.92698781067214
14926,33.3975420449052
14927,32.874727301739206
14928,32.59551552411181
14929,32.34891378126756
14930,31.787207291530738
14931,30.865848211100598
14932,30.892372767638022
14933,30.340538627327003
14934,30.028295166036127
14935,29.428906226441697
14936,28.873909104036954
14937,28.617751364710692
14938,28.407215912007256
14939,28.18454799438736
14940,27.857626917604588
14941,27.73637029340141
14942,27.5872574319822
14943,27.07583539085129
14944,26.659878487395115
14945,26.27455512294702
14946,25.837395019090007
14947,25.62583139021052
14948,25.151064468849313
14949,24.91677091564292
14950,24.87271940128982
14951,24.82118018868114
14952,24.47223415900244
14953,24.29051059138997
14954,24.168478995651334
14955,24.343775717730757
14956,24.178310499982913
14957,23.964812761974855
14958,23.960240277817064
14959,23.763021228658495
14960,23.690207162909328
14961,23.49348487944843
14962,23.5980849460028
14963,23.500186821301657
14964,23.26931595650585
14965,23.22852585179375
14966,23.21945950918035
14967,22.93495635635665
14968,22.816982168654434
14969,22.84838685407107
14970,22.83699743860428
14971,22.755843041770593
14972,22.628532322438133
14973,22.85342540625003
14974,22.611838699212214
14975,22.397519630002655
14976,22.356632287236028
14977,22.442881293820673
14978,22.499560367054837
14979,22.38505194810558
14980,22.2692482608741
14981,22.020740323519604
14982,21.61141631887278
14983,21.575653536031968
14984,21.697485289844423
14985,21.57496302607733
14986,21.44475822062117
14987,21.403085109527165
14988,21.20356485557794
14989,21.146952867694974
14990,21.06544533038183
14991,21.028088083772403
14992,20.998956963233304
14993,20.996014672576433
14994,20.869915196731817
14995,20.946203035194333
14996,20.771270216758765
14997,20.800852077026725
14998,20.660747366435263
14999,20.743354434546838
15000,20.537567362401187
15001,20.621910918827716
15002,20.41319285196292
15003,20.343060714095014
15004,20.41109838141422
15005,20.39688571701017
15006,20.44429634875089
15007,20.286886735955285
15008,20.251581818955017
15009,20.33644243919951
15010,20.26194942158286
15011,20.257844119398953
15012,20.32398328618988
15013,20.116973433852696
15014,20.35721599469703
15015,20.379473128424557
15016,20.589128127026985
15017,20.632987046426365
15018,20.84423081134686
15019,20.922615315355912
15020,20.957624078836506
15021,21.416419993360286
15022,21.60404665803156
15023,22.007484247585396
15024,21.989138193842354
15025,22.244724024624862
15026,22.646941154244352
15027,23.255465984416038
15028,23.585262810201552
15029,24.107203618616083
15030,24.509940360244986
15031,25.168055660634586
15032,25.590947463939326
15033,25.919065940297987
15034,26.299798156771995
15035,26.898108274715685
15036,26.867055090877066
15037,27.71427260688068
15038,27.795652677521378
15039,27.802982773911186
15040,28.438126645712707
15041,28.49489445607123
15042,28.83527346301123
15043,29.449341990661686
15044,29.396708611793084
15045,29.741905039711483
15046,30.009875969032308
15047,29.807069966689397
15048,29.94070226842298
15049,30.646794685214825
15050,30.662543055920576
15051,31.458930954421543
15052,31.340619031519623
15053,31.797162016848382
15054,32.00275272743098
15055,31.44559430443059
15056,31.921644542148105
15057,32.216911006665065
15058,32.112664414880385
15059,31.684438061797714
15060,31.297395442634304
15061,31.07381535637198
15062,31.217709736112337
15063,29.886902874547477
15064,29.36855101251753
15065,28.72850052206228
15066,27.808869294298884
15067,27.79397321595354
15068,27.226803314248713
15069,26.527153378280563
15070,26.62330545559422
15071,25.57830919266869
15072,25.4340725217262
15073,25.453783302952075
15074,25.453307565886703
15075,25.41122959268018
15076,25.095846531304005
15077,25.04802254513785
15078,24.936735448671424
15079,24.735366738108286
15080,24.431124591154873
15081,24.290681414133097
15082,24.26604343426127
15083,24.07768803684475
15084,24.121439543494123
15085,23.757878696790744
15086,23.364336815626647
15087,22.944426373243704
15088,22.740759853051348
15089,22.612993940490355
15090,22.738135663732475
15091,22.421483904416412
15092,22.437125490537085
15093,22.40790510962706
15094,22.234856201712898
15095,22.195528259789267
15096,22.145012300145826
15097,22.013645889931095
15098,21.706753276581885
15099,21.50986699246667
15100,21.50708704869089
15101,20.798925177111315
15102,20.643444603957086
15103,20.635626792652097
15104,20.479121503603984
15105,20.452788247213302
15106,20.365996223691628
15107,20.360838664145145
15108,20.415075918146695
15109,20.38168774626386
15110,20.3451534614485
15111,20.33520021959221
15112,20.2004703702953
15113,20.19052495669775
15114,20.24827600506795
15115,20.236924722502213
15116,20.16982251461981
15117,20.270081462111616
15118,20.195516305745592
15119,20.141925269300515
15120,20.1356603513335
15121,20.28175873577234
15122,20.288233970205898
15123,20.16466167980771
15124,20.253888566618798
15125,20.19902881578748
15126,20.155519582567436
15127,20.076190372372164
15128,20.182883591824623
15129,20.200357252073765
15130,20.14837588447453
15131,20.252318458402957
15132,20.168509917825705
15133,20.227781940675968
15134,20.19581775885516
15135,20.321244884468516
15136,20.141825622774086
15137,20.109604137937094
15138,20.362353246975104
15139,20.256046610313618
15140,20.34659332649065
15141,20.276917645478456
15142,20.252344440409654
15143,20.270026660888615
15144,20.31843197129401
15145,20.262905381380452
15146,20.42702632745403
15147,20.410570133449255
15148,20.461196921611876
15149,20.429894314415602
15150,20.39639784614817
15151,20.366659711832117
15152,20.344868213197007
15153,20.254767265925615
15154,20.38279742370284
15155,20.41637218088297
15156,20.588854905565505
15157,20.557001142562555
15158,20.643619399965853
15159,20.63428011338843
15160,20.790927169039
15161,20.75762986235656
15162,20.841764634155226
15163,20.778608294064835
15164,20.920445935638362
15165,21.05282247145568
15166,21.08079884234849
15167,21.059635424614935
15168,21.04928117538413
15169,21.450276631023975
15170,21.62132569639465
15171,21.78906250824971
15172,22.16280041812328
15173,22.275033115037946
15174,22.505281767490406
15175,22.91581556303683
15176,22.950238684908594
15177,23.491239549097184
15178,23.89858453785386
15179,24.447127343086702
15180,24.8736584950533
15181,24.886302493827063
15182,25.201279742474938
15183,25.36906277386495
15184,25.604055202545236
15185,25.514334623205215
15186,24.836638165896318
15187,24.82507768879831
15188,25.07837834482698
15189,25.419675238153122
15190,25.438203037167323
15191,25.070923950931842
15192,25.07242328875489
15193,25.137045149630946
15194,25.25818913934235
15195,25.21173506355065
15196,25.011157334241425
15197,25.20654434831559
15198,25.288036525561317
15199,25.403329637230364
15200,25.69542844231402
15201,25.8190692456213
15202,25.92163621897231
15203,26.216539321511835
15204,26.083553119963703
15205,26.038401268988306
15206,26.020489301387848
15207,25.871503539226467
15208,25.817964543317206
15209,25.681179959523355
15210,25.387419391342046
15211,25.445800078273425
15212,25.485366461990257
15213,25.727783835113392
15214,25.694105259079397
15215,25.67294252420526
15216,25.306120914766623
15217,25.528521070886327
15218,25.43922877417597
15219,25.410560763057372
15220,25.39302284405741
15221,25.515987831209664
15222,25.384549675307227
15223,25.370294254753748
15224,25.32549740387676
15225,25.004957231741013
15226,25.08204106371614
15227,25.028387813337662
15228,24.98266790046876
15229,24.685626201431173
15230,24.53180264771297
15231,24.353490810632298
15232,24.077868233711367
15233,23.936394568240935
15234,23.921459116300767
15235,23.822862400012937
15236,23.809298832503707
15237,23.44487442628762
15238,23.318466581018267
15239,23.286623152531725
15240,23.329826135847686
15241,23.14166448736132
15242,23.009967951014186
15243,22.937825600216055
15244,22.835057798998353
15245,22.794469718988164
15246,22.84750270136038
15247,22.84911687444732
15248,22.81197455896499
15249,22.658991864930957
15250,22.865564031728937
15251,22.900696280704068
15252,22.818424275408145
15253,22.648003521021003
15254,22.77893193122553
15255,22.79432640192198
15256,22.773712545031593
15257,22.768300461557462
15258,22.639958377196464
15259,22.686160897377253
15260,22.68237655046899
15261,22.73860818206094
15262,22.670662168108827
15263,22.75996338927728
15264,22.5245037192683
15265,22.581895882313255
15266,22.537152846473198
15267,22.522259099116933
15268,22.27652610939016
15269,22.289583340285777
15270,22.317275277271047
15271,22.334823742276807
15272,22.36261909263183
15273,22.447461105870133
15274,22.410059416265664
15275,22.352020466022257
15276,22.177682002489377
15277,22.123306850299834
15278,22.092531154915495
15279,22.147296255993652
15280,22.033826596899416
15281,22.02930047147337
15282,22.065221782784946
15283,22.06746075265978
15284,21.921560950848953
15285,21.927620036257885
15286,21.9070545833154
15287,21.846566758178426
15288,21.939299544315826
15289,22.034818362918678
15290,21.793950924127113
15291,21.818111252828672
15292,21.76964862637635
15293,21.820336550708852
15294,21.74318939415288
15295,21.82434790413795
15296,21.70315164581602
15297,21.750230684470427
15298,21.897260857651915
15299,21.892227477326884
15300,22.045468776662236
15301,22.076645197011036
15302,22.177153627914866
15303,22.286500519771863
15304,22.41790040628826
15305,22.514765953218525
15306,22.74685117862492
15307,22.797298191389142
15308,22.70235240393482
15309,22.692969778881302
15310,22.575812250883114
15311,22.68448249372158
15312,22.518948978753418
15313,22.74147874258228
15314,22.639935955618753
15315,22.817001967900048
15316,23.11857332097573
15317,23.30260189748317
15318,23.45147280221838
15319,23.583530719575172
15320,23.93537528700979
15321,24.09507682875104
15322,24.89471249224796
15323,25.345196537488555
15324,25.425803949890575
15325,25.581559602035174
15326,25.892587427787358
15327,26.244068923944113
15328,26.72889201518035
15329,26.97540214243582
15330,27.81620612796001
15331,28.32541595082411
15332,29.066593377528
15333,29.773653020285764
15334,30.329208330948767
15335,30.99023190829485
15336,30.992522721790888
15337,31.087868271121472
15338,31.115791177835938
15339,30.96370284000854
15340,30.975576759360056
15341,31.752899580696525
15342,32.74304235977247
15343,32.712352473183074
15344,33.23463945800809
15345,33.14388993515585
15346,33.10745660717661
15347,33.13012012445821
15348,32.587810169415164
15349,32.44166753274619
15350,32.7814605585465
15351,32.071273033028234
15352,31.461086145340445
15353,31.53332582718042
15354,31.484988762957634
15355,30.87653096021585
15356,30.943647677575914
15357,30.38086676564835
15358,29.96252247393406
15359,30.023734099273874
15360,29.64567936902032
15361,29.474193186295523
15362,28.752359598577655
15363,27.837987497686104
15364,27.5706206618763
15365,27.459182497634714
15366,27.147762917790626
15367,26.841179795839434
15368,26.82914597292872
15369,26.501523813178437
15370,26.43009963710362
15371,26.162213407240216
15372,25.90448400356892
15373,25.68227232675793
15374,25.57794190766555
15375,25.290208245698484
15376,25.00142760763184
15377,24.787216819754114
15378,24.613197804401256
15379,24.538221257421934
15380,24.43647875893268
15381,24.375704012812637
15382,24.15184649179906
15383,24.227720328654215
15384,24.03152094191941
15385,23.906036905415597
15386,23.681410468698765
15387,23.713295872201847
15388,23.754282448431372
15389,23.69167588931219
15390,23.554201987061443
15391,23.696122087185543
15392,23.579924162515756
15393,23.551475797032683
15394,23.44275713332804
15395,23.456443082302766
15396,23.455171640310077
15397,23.215934776609963
15398,23.469996791970697
15399,23.30668176107123
15400,23.258128614907335
15401,23.229330320647627
15402,23.239048912261758
15403,23.191218147907158
15404,23.091081460835227
15405,22.950447944767173
15406,22.94544496191533
15407,22.974073111451684
15408,22.740126204920188
15409,22.66573687041331
15410,22.57233959175281
15411,22.591622827669028
15412,22.636646154861648
15413,22.5902023634109
15414,22.549521694283452
15415,22.525548656666018
15416,22.511472048675778
15417,22.26240208802832
15418,22.292017903999877
15419,22.095765522295117
15420,22.063768366526663
15421,22.07968851957383
15422,21.96616436663821
15423,21.965198398866868
15424,22.046740309272057
15425,21.975798366350748
15426,22.059892961902353
15427,22.054008146235418
15428,22.03659273806949
15429,22.056139149102425
15430,22.008857446576293
15431,22.01559764912334
15432,22.081756819959367
15433,22.0079097227667
15434,22.034083433603683
15435,22.081968315389524
15436,22.043515690692523
15437,21.998970233549315
15438,22.05501132283833
15439,22.069510069695756
15440,21.993867737168145
15441,22.040169453477404
15442,22.165071778897794
15443,22.19504748666852
15444,22.28890758331101
15445,22.375621756316256
15446,22.535233042927477
15447,22.507653918045754
15448,22.628539222309414
15449,22.544860442244996
15450,22.646605921987085
15451,22.735682367852416
15452,22.677697422374088
15453,23.042865632530802
15454,23.195692725489383
15455,23.355939450534883
15456,23.553691601194483
15457,23.712844577391692
15458,24.057355948983364
15459,24.36228663024878
15460,24.81953524208664
15461,25.049697961697355
15462,25.187884047784323
15463,26.102691176075094
15464,26.654093760264093
15465,26.599973649326532
15466,27.116241298444116
15467,27.439656849259883
15468,27.405677555241798
15469,27.3222324706904
15470,27.33494721149673
15471,27.526284992460873
15472,27.728712043848308
15473,28.054066841939377
15474,28.425835723143816
15475,28.46163139339025
15476,29.508814873299436
15477,30.34137034378373
15478,30.451604815180122
15479,31.065784156412025
15480,31.108130975624416
15481,31.469033926623176
15482,32.59059263483154
15483,34.34686804193124
15484,33.93169948763277
15485,33.68328591773182
15486,35.11371793118568
15487,35.24800637496844
15488,35.290825218487804
15489,34.91180607087902
15490,34.10719993720428
15491,34.214505865029544
15492,34.14673856172204
15493,34.32825354742661
15494,34.40186048213502
15495,33.10896909372377
15496,32.981369717368295
15497,32.935068233661625
15498,32.30293805324895
15499,30.764178821530955
15500,29.802911497609454
15501,29.451923696937065
15502,28.912948880147717
15503,28.05175648937276
15504,27.37785103985815
15505,27.281431302963885
15506,26.954705258836462
15507,25.209485435434498
15508,24.845602488219694
15509,24.57862772548827
15510,24.563938212533813
15511,24.0148589724265
15512,23.983279917477923
15513,23.811223141421035
15514,23.76583642593901
15515,23.736886443004423
15516,23.569817627079562
15517,23.39297689082564
15518,23.318094743453702
15519,23.196229627602968
15520,23.131616081384244
15521,23.08828839218491
15522,23.12203044177885
15523,23.015381981743683
15524,22.86542451253928
15525,22.80824110764344
15526,22.849891383675583
15527,22.75037130872106
15528,22.73083595101031
15529,22.770248771381496
15530,22.635387439224903
15531,22.56849523246423
15532,22.559009766984286
15533,22.553465272686626
15534,22.408267795765436
15535,22.434285570945832
15536,22.383961329358186
15537,22.40120143383342
15538,22.407952621600213
15539,22.417957427151617
15540,22.43894233096848
15541,22.41840972781459
15542,22.58058678956364
15543,22.57373511888605
15544,22.630313901070284
15545,22.545399188682158
15546,22.604578756812046
15547,22.63026497293091
15548,22.7322434357264
15549,22.67274319949874
15550,22.671745955234023
15551,22.747349167365257
15552,22.557356396205968
15553,22.566188614582
15554,22.581908362564118
15555,22.36143795699193
15556,22.3559829266387
15557,22.369139315611616
15558,22.314369711564808
15559,22.345550683748
15560,22.25888759599222
15561,22.304576987817736
15562,22.308370048530747
15563,22.28000640537586
15564,22.30079780207498
15565,22.280556476668124
15566,22.282700549826675
15567,22.31270279826095
15568,22.26172904470591
15569,22.285880609191235
15570,22.307326062091036
15571,22.252919285394416
15572,22.261164658678762
15573,22.092040854560217
15574,22.08873010228089
15575,22.123062042788202
15576,22.142278792712183
15577,22.281761169849542
15578,22.140632836973786
15579,22.221778007197713
15580,22.190099646331287
15581,22.170902600838563
15582,22.01377102044582
15583,22.120660430312963
15584,22.08551457314565
15585,22.092364497862572
15586,22.131779850685014
15587,22.07832963725212
15588,22.234681989208767
15589,22.278790729381594
15590,22.49575748923926
15591,22.45791094954713
15592,22.633290088062367
15593,22.77190736886783
15594,22.836199597247692
15595,22.887765809232974
15596,22.978063759716623
15597,23.465937684684114
15598,23.78576981995172
15599,24.000789023170682
15600,24.191598359049795
15601,24.4399709093271
15602,25.327060913805273
15603,25.973063073836876
15604,26.431089040034543
15605,26.957403126804635
15606,27.552138604871605
15607,28.05802121748204
15608,28.44131913544645
15609,28.527539930561527
15610,28.50385094402856
15611,29.182504042586523
15612,29.344575021630668
15613,29.635099549710663
15614,30.1354780275488
15615,30.308020224684384
15616,31.622475251419523
15617,31.748164622126914
15618,32.37228006019693
15619,32.81958994792883
15620,32.488683754405706
15621,32.32488925660479
15622,32.92036444854845
15623,33.27891105163084
15624,33.15276702475255
15625,33.228239216741216
15626,32.80222103602966
15627,33.328489187849165
15628,33.37803348741397
15629,33.795010659968966
15630,32.935084073445395
15631,32.59393885897359
15632,32.63256873471197
15633,32.83230420263792
15634,33.30343796462011
15635,33.40073378429618
15636,33.15167490393626
15637,32.874261012284684
15638,31.929362072256374
15639,31.047606794758494
15640,31.198667481800587
15641,31.294251270355307
15642,30.728458241805434
15643,31.144979470325552
15644,30.95409169421357
15645,31.155796785289905
15646,31.064831132124677
15647,31.172025627816737
15648,30.748754371246218
15649,31.188067915405096
15650,30.85717268525315
15651,30.335181874996277
15652,30.25172180108121
15653,30.24645434034176
15654,30.09439992876371
15655,29.542196242618736
15656,29.35092131477263
15657,29.40664573336204
15658,29.35820827561195
15659,28.879697320178366
15660,28.817307612447873
15661,28.578259889681174
15662,28.391449947685814
15663,28.13328580893659
15664,28.03851469088212
15665,28.004371744055703
15666,27.695604079560766
15667,27.69263769338566
15668,27.499840889595497
15669,26.84516870674905
15670,26.671618658821885
15671,26.770056086891998
15672,26.561846250542747
15673,26.416413421855424
15674,26.392286315966064
15675,26.336268492280045
15676,26.41987272703769
15677,26.739095283184515
15678,26.433064162452045
15679,26.603691315847055
15680,26.625240798417973
15681,26.71629504697646
15682,26.711912374645465
15683,26.56982337646227
15684,26.363512573151613
15685,26.368354131070948
15686,26.520724767401894
15687,26.878695445343933
15688,26.680444924472955
15689,26.859253223351658
15690,26.749458057938998
15691,26.92148478098555
15692,26.890343828417514
15693,26.86633064382664
15694,26.844102437684
15695,26.817567197016476
15696,26.402208515919988
15697,26.613577734275225
15698,26.675994884798566
15699,26.741688260218265
15700,26.806995455881513
15701,26.72472839713302
15702,26.625849108674718
15703,26.663059435362502
15704,26.61935954217967
15705,26.50145633000669
15706,26.482835300064732
15707,26.236203742016343
15708,25.8584529178232
15709,25.77358600071296
15710,25.492168443781498
15711,25.412928037247244
15712,25.699984218356516
15713,25.56454408705116
15714,25.962598571094684
15715,26.105371149465665
15716,26.235386655940307
15717,26.349276415980643
15718,26.358671294065996
15719,26.500891345996074
15720,26.53747561088285
15721,26.633856617806952
15722,26.811760528084786
15723,27.060592314276512
15724,27.109230735998636
15725,27.04298718122913
15726,27.246127739428594
15727,27.548611605391642
15728,27.511641202234653
15729,27.284303600349595
15730,27.567938173125288
15731,27.539678846121614
15732,27.78348142172725
15733,27.750721272444625
15734,26.988175603987912
15735,27.148072423549237
15736,27.008660182630578
15737,27.156211739253802
15738,27.098529857045186
15739,27.20798367634234
15740,27.00275891136884
15741,26.991651149928195
15742,26.7152190604187
15743,26.84342227185095
15744,26.390106656968467
15745,26.102237741049343
15746,25.968634000313617
15747,26.155141364465898
15748,26.011664937012334
15749,26.24153186604234
15750,26.70700870304674
15751,26.55775861245825
15752,26.830369214332833
15753,27.237828649258603
15754,27.854427460252055
15755,28.262144990620502
15756,29.634335921785567
15757,30.195126852177445
15758,30.711548354658397
15759,30.772364625283526
15760,30.566700989540458
15761,30.47882536327061
15762,30.650475709744246
15763,30.861695926730473
15764,30.97512868287789
15765,30.529010884832402
15766,30.940218880930072
15767,31.502275948810624
15768,32.209379133480255
15769,32.592488293322404
15770,33.5744074367149
15771,33.65937496271578
15772,33.523027093578534
15773,33.80864324623763
15774,33.918060378783
15775,33.793230624308315
15776,34.00757853624854
15777,34.03446850570055
15778,33.907704795078445
15779,33.81416156405905
15780,33.77542626862959
15781,33.63630592744152
15782,32.98976768431826
15783,32.45991026075385
15784,32.002144384134155
15785,31.902404460970224
15786,31.082063382327778
15787,30.739826231460643
15788,30.26272520224555
15789,29.670717028696988
15790,29.686123897339325
15791,28.82552837129724
15792,28.525668363365437
15793,28.11345392070237
15794,26.79505483774041
15795,26.81433618866444
15796,27.318166769164097
15797,27.29447136442874
15798,27.1749431876194
15799,26.426831666900945
15800,25.936308484900533
15801,26.01687215548943
15802,25.818496182950298
15803,25.855797399022396
15804,25.782325502042607
15805,25.862757637200993
15806,25.72408527045463
15807,25.70988381011236
15808,25.537223259059363
15809,25.400671904735127
15810,25.378506579234333
15811,25.223942255190288
15812,25.109692761234097
15813,24.753700864504882
15814,24.587759364714184
15815,24.46763259770056
15816,24.556045841331755
15817,24.29168058645037
15818,24.182403855150593
15819,24.1483566279741
15820,24.308759680607807
15821,24.283624764302466
15822,24.46006796949487
15823,24.582347304124177
15824,24.516249121151283
15825,24.68840624562241
15826,24.403594607057673
15827,24.414602627530755
15828,24.37877643659766
15829,24.31080547705483
15830,24.460647192095443
15831,24.581455792617554
15832,24.500041550419986
15833,24.242108607809556
15834,24.062719377595155
15835,24.066536356941604
15836,24.451596574677446
15837,23.88000275109728
15838,24.004135374275062
15839,24.031408921239613
15840,23.643871315715042
15841,23.726984806875713
15842,23.70698345599887
15843,23.594994322411143
15844,23.58702421876034
15845,23.561846191710195
15846,23.298166238142304
15847,23.250093934340942
15848,23.229956599679817
15849,23.210614830336727
15850,23.282687298117487
15851,23.06767220057361
15852,22.89055551504701
15853,22.77128625817406
15854,23.395254084170595
15855,23.155692233195616
15856,22.96631046406781
15857,22.921864962850464
15858,22.91069986006832
15859,22.81794722871315
15860,22.88929770769806
15861,22.926099217395276
15862,22.9276269631903
15863,23.001829435098298
15864,22.767207029067805
15865,22.82570542619174
15866,22.786396232679085
15867,22.905540760996175
15868,22.8148872969466
15869,22.787026943581782
15870,22.723002451653716
15871,22.700697158224045
15872,22.62487190055737
15873,22.41574752782463
15874,22.387448380975506
15875,22.29758073891534
15876,22.332960828189414
15877,22.331432095657608
15878,22.51861915624079
15879,22.6295355072223
15880,22.925492302697055
15881,23.282058812247836
15882,23.365665538923963
15883,23.19327180555267
15884,23.308025395866192
15885,23.358880281475052
15886,23.640573942578996
15887,23.571430292970867
15888,23.51378112456019
15889,23.802583958224552
15890,24.034784259213815
15891,24.480757128837187
15892,24.9956978074696
15893,25.392109488341085
15894,25.438455776579506
15895,25.90926139756157
15896,26.624961824389626
15897,26.641090561450884
15898,26.94698306293985
15899,27.52756042759545
15900,27.734417595732992
15901,27.994151841632593
15902,28.33224167745672
15903,28.530513094590713
15904,29.13265188102469
15905,30.938951652924757
15906,31.703714782138686
15907,31.844196356225794
15908,31.971278983065343
15909,32.775049587515284
15910,33.173116680911946
15911,33.0448421948192
15912,33.26780476715005
15913,33.6633506155651
15914,34.090262342522514
15915,34.23872644474116
15916,34.815655642501646
15917,34.68224401006446
15918,33.97915901788258
15919,33.92483504248363
15920,34.315425256739815
15921,34.40831849130473
15922,34.744121091259984
15923,35.538559798087874
15924,35.84620752389857
15925,35.320838414244676
15926,35.2275020606814
15927,34.92141754946279
15928,33.58425228796848
15929,33.175438659996104
15930,33.02623205055364
15931,32.47202906185803
15932,32.2671124750325
15933,32.13960373064344
15934,32.77857984839963
15935,32.47398977174611
15936,31.772150510906314
15937,31.48008762379152
15938,30.942150559664988
15939,30.810393422000168
15940,30.75962474326702
15941,30.643401460224993
15942,30.115788451027075
15943,29.495791778168506
15944,29.336129050718235
15945,29.07091088058563
15946,28.652116903048725
15947,28.287995578240178
15948,27.826624232156867
15949,27.342242612624784
15950,26.973881713144507
15951,26.386544909242897
15952,26.168410046069955
15953,26.020357042594
15954,25.799191226734226
15955,25.50567065276212
15956,25.313221701464073
15957,25.15059336745561
15958,24.98122268641737
15959,24.722814860148826
15960,24.534540107590164
15961,24.38814191521935
15962,24.46450506870778
15963,24.201881545021834
15964,24.166133851424107
15965,24.058932824807044
15966,23.958998363755054
15967,23.786660451830144
15968,23.874710980001964
15969,23.73252621090116
15970,23.808714931295718
15971,23.660364719967212
15972,23.68216038696779
15973,23.662542051388694
15974,23.536559265654027
15975,23.51427851621728
15976,23.53836264950932
15977,23.57265083920828
15978,23.634458318353374
15979,23.5188116934948
15980,23.60227570424361
15981,23.532443600285387
15982,23.540322160578736
15983,23.571981638612215
15984,23.28634623799101
15985,23.31897782324827
15986,23.190848151961564
15987,23.311496139528867
15988,23.233448313185086
15989,23.122749738132708
15990,23.098188660335143
15991,23.066703641608715
15992,23.13751674580478
15993,23.226564838967057
15994,23.158894735696038
15995,23.069981561056945
15996,23.16617572177768
15997,23.146591530636783
15998,23.229781258697955
15999,23.173455362094504
16000,23.074294149932555
16001,22.99141687218385
16002,22.961578215322064
16003,23.012682636250606
16004,22.967469877261355
16005,23.007118868959576
16006,22.880360291878993
16007,22.843785668160276
16008,22.9328151921759
16009,22.882821892498583
16010,22.734321956162503
16011,22.820898068649658
16012,22.716333917977384
16013,22.60104426843648
16014,22.86904709152542
16015,22.724170382014943
16016,22.59160550880367
16017,22.38109582049838
16018,22.142441214156328
16019,21.846145989482388
16020,21.907081418884527
16021,21.919144869866013
16022,22.074334330784833
16023,22.006410883225282
16024,22.0537192953257
16025,22.001169852753613
16026,21.94827177866661
16027,21.91500844794756
16028,21.848423148393497
16029,21.872412437105375
16030,21.85220858817985
16031,22.03911588508059
16032,22.166929003674475
16033,22.384866785476007
16034,22.653894889050243
16035,22.799875654126392
16036,22.95509274172219
16037,22.789303044936403
16038,22.96224796702319
16039,23.146710600472545
16040,23.167078728269257
16041,23.234418217701187
16042,23.322692209371183
16043,23.42026127086747
16044,23.62879346263321
16045,23.54442460275551
16046,23.714801907723047
16047,23.887519369707203
16048,24.07628756760821
16049,24.3639544434092
16050,24.65718480690667
16051,24.456703512370925
16052,24.826267606181908
16053,24.68516694076879
16054,24.987052801654105
16055,25.072915685171342
16056,25.42949530835194
16057,25.251880057760985
16058,25.831477598411816
16059,25.781756230194475
16060,25.69355947355869
16061,26.193936251107544
16062,26.623183813609334
16063,26.41355248065995
16064,26.29766395059472
16065,26.15309601100682
16066,26.26479087230058
16067,26.06449453588765
16068,26.108098214789152
16069,26.007550259107195
16070,26.196613879107424
16071,25.848616376667305
16072,25.95232535100915
16073,25.88167914354978
16074,25.92075449500962
16075,25.763894979661142
16076,26.00146999227914
16077,26.16253318011741
16078,26.15843037603866
16079,26.362782737534864
16080,26.175885445224242
16081,26.336131943479412
16082,26.48960474228556
16083,26.40995324420708
16084,26.240354149519636
16085,26.34939602275522
16086,25.988171156017447
16087,25.847748052538115
16088,25.629987550962227
16089,25.703426660889427
16090,25.590448275833015
16091,25.674985764200482
16092,25.55226438419703
16093,25.333881104825647
16094,25.409863375198544
16095,24.95287961354854
16096,24.68477864087164
16097,24.57802978100585
16098,24.530563260185033
16099,24.5518218620854
16100,24.33938990736354
16101,24.347854964647148
16102,24.355560644098368
16103,24.367238766672514
16104,24.282297318310334
16105,24.178780694688488
16106,24.07086136517917
16107,23.881771985539295
16108,23.90846054262619
16109,24.049285453166018
16110,23.992711594921698
16111,24.020697366814762
16112,23.884311315253647
16113,24.088368599265074
16114,24.157146140972678
16115,24.068579027501166
16116,23.85354209947708
16117,23.722709332027847
16118,23.693288573405002
16119,23.795485039377684
16120,23.771612769668533
16121,23.85142515692658
16122,23.750979322942975
16123,23.84710923452809
16124,23.795628110090348
16125,23.717686225521987
16126,23.73181357931097
16127,23.739399235250517
16128,23.480366298525475
16129,23.207859865416946
16130,23.288142977550553
16131,23.253638518349238
16132,23.210759257821078
16133,23.175746688820276
16134,23.067001115810644
16135,23.03026637772566
16136,23.066028394376673
16137,23.10453971733384
16138,23.37039246493085
16139,23.14579540390031
16140,23.251158099208983
16141,23.20946720767798
16142,23.2265615350049
16143,23.1751953312675
16144,23.00425666053522
16145,22.87858126832172
16146,22.944377873546056
16147,22.85391647025042
16148,22.904723286188496
16149,22.85567643854322
16150,22.84437865971534
16151,22.668198240367364
16152,22.60408131101082
16153,22.653173025780152
16154,22.68729645346442
16155,22.694909726710957
16156,22.680488824376077
16157,22.72682997088117
16158,22.81535186705137
16159,22.885182603894812
16160,22.74864282800686
16161,22.752896028324315
16162,22.766899194643194
16163,22.872769379230466
16164,23.019982615524953
16165,23.05577940138593
16166,23.19539200649531
16167,23.021699126432146
16168,23.149166551611128
16169,23.30280402359625
16170,23.466015766202382
16171,23.704151531567877
16172,23.93972426971126
16173,24.42565829617054
16174,24.974174404711942
16175,25.219676239730365
16176,25.47824392018858
16177,26.051943672749637
16178,27.08638245169183
16179,28.130439763182302
16180,28.816956101786914
16181,29.258318605055265
16182,29.85532433196641
16183,30.0943958364316
16184,30.151554015216217
16185,31.270881880557877
16186,31.650366760416752
16187,32.99450987155255
16188,33.52688366498892
16189,33.698059756326536
16190,34.525569270971715
16191,34.61336615408274
16192,35.951660574615865
16193,35.45014660347417
16194,36.64855639955349
16195,37.36931365925892
16196,38.06843126587665
16197,38.088278875115
16198,38.29802003018018
16199,38.499427928429334
16200,38.610010517262886
16201,38.47255155295392
16202,38.55580670965698
16203,38.770267317662004
16204,38.63192459685412
16205,38.79237540114043
16206,38.735263664753035
16207,38.25571371896843
16208,38.6520490585746
16209,38.638749274158144
16210,38.49892825394165
16211,38.40756044576943
16212,37.8618449644861
16213,37.65354462356191
16214,37.82946278207502
16215,36.950135530646264
16216,35.788026158167405
16217,36.086952469915005
16218,35.34874752441855
16219,35.00218946955389
16220,34.9266962381772
16221,34.915332503200055
16222,34.95330052071416
16223,34.30160142439561
16224,33.739333803274086
16225,33.76857859621535
16226,33.37582943107692
16227,33.24770965509319
16228,32.78370588878039
16229,32.22148084249391
16230,31.844061986078422
16231,31.492950490273344
16232,31.395498819919275
16233,30.89488900055474
16234,30.850229228757545
16235,30.565807898925705
16236,30.526032855796252
16237,30.4674557660554
16238,30.240642315269938
16239,30.005912475102487
16240,29.526702228118616
16241,29.13001124617478
16242,28.6569580916207
16243,28.632960196793533
16244,28.443787280165015
16245,28.207984016714175
16246,28.069461996084843
16247,27.991951371524763
16248,27.90410450154635
16249,27.56538591694333
16250,27.43271131741862
16251,27.318218455751758
16252,26.65235469843742
16253,26.691664830682868
16254,26.44748431478461
16255,26.429057058413484
16256,26.43788968838945
16257,26.52352393068317
16258,26.615622506738028
16259,26.548903314776283
16260,26.56738544383077
16261,26.545025664631485
16262,26.590090169126547
16263,26.57194334102028
16264,26.58440721467775
16265,26.61129685361547
16266,26.33678209012641
16267,26.358216262691506
16268,26.721379589338152
16269,26.67897202117589
16270,26.545607204544513
16271,26.570607669358097
